30310 5379 32901 6025 5420 2167
36731 7328 34788 4734 4433 1888
46436 7328 33822 5056 5092 1746
60577 5702 32857 4734 5414 3831
22571 5056 33500 5702 4768 1885
40618 6993 28364 5702 3780 2445
36458 4734 32857 5702 5092 2167
39587 6993 32523 5379 4767 2307
43527 6993 26418 5379 5420 1748
33545 6025 32857 5056 5092 3555
45792 6670 28364 5702 4770 2169
31277 4399 36409 6025 4107 1885
37053 6025 35110 6348 5092 2167
28648 5702 23505 4076 5093 1609
36731 6670 32523 6348 4765 2304
39318 5702 39962 5702 4430 3698
38404 6348 28687 5702 4768 1746
57029 5379 56311 5056 4105 3699
37103 5702 38031 5379 5094 2446
41905 6670 38674 7328 4428 1887
31277 4734 29009 5702 4431 1888
36731 5702 28687 6993 4767 2029
30632 6670 44814 5702 4767 1748
33178 7328 57916 4734 5088 1609
37697 5702 35444 6993 5093 1887
40618 6348 27063 5056 4430 3558
37697 5379 55990 4734 4104 3420
57351 4727 55336 5379 5090 1887
40618 5702 28687 6670 4768 1885
31277 5702 29976 6025 3779 2167
57029 6025 56953 6670 4430 3419
45470 6993 32857 6993 4766 1887
37103 6348 29009 6025 5419 3141
59291 5056 38674 6025 5092 2307
49278 6348 57274 5056 4769 3557
35814 5056 33178 7328 4767 1886
37747 5702 29331 5702 5419 1748
57351 5056 53088 5702 5092 1747
34190 6348 37375 5702 4767 2031
41583 5056 24472 7328 5092 2445
37425 6025 33178 6993 3778 2443
32901 5702 37697 5379 9003 1609
36731 6670 28687 6348 4431 2028
36136 5702 29331 6025 4107 1887
36087 6993 31879 5702 5092 2859
40940 4734 28970 4399 4766 2029
57351 6348 55668 5702 3779 1748
41583 5379 47993 5379 4430 1470
38082 6348 29009 5702 4769 1610
58648 5702 56632 5702 4765 1747
40284 5056 33500 6670 5094 2308
31277 5379 38031 6670 5092 2583
61232 6993 20270 5710 4105 1749
30955 7651 38031 5702 4105 2166
36458 6993 43468 6025 5090 2167
26096 6993 34144 5056 5091 1608
35766 6670 33178 10245 4769 1886
57351 5056 55015 4399 4429 1748
40284 6348 38996 6025 3779 2446
36136 7328 28364 6348 5093 1886
37375 5702 29976 5702 4769 1610
37103 3753 34144 6348 4769 2028
48057 5056 27720 6025 4430 3417
59934 4734 55990 4734 4767 3553
37747 6348 29976 6348 5419 1886
37103 6025 33178 6348 3456 1886
30955 5379 32523 7328 4767 1747
57994 5702 55668 4734 4431 2305
59934 3753 28687 5379 5417 1610
29331 4734 57672 6025 3780 2305
43527 6993 38031 4734 4429 1748
20945 5702 39318 6670 4108 2167
48057 6348 24795 7651 4766 2031
50310 5379 28042 5702 5094 1470
31235 6348 48701 5702 5421 1885
40940 5379 20622 6025 4769 1610
40618 6348 28364 5702 5093 2307
37425 5702 22538 5056 4770 1887
40509 6670 44754 6025 5094 2166
40940 6025 38674 5702 5091 1746
37103 6670 28042 6025 3781 2169
36731 6348 41905 6025 4104 1471
33223 5056 28042 6025 4104 1610
31599 5702 37697 7328 5420 1887
29976 5063 28687 5063 4430 1885
36458 6993 35110 6670 4430 3143
42883 4734 32857 5379 5094 1748
39371 5056 17680 6661 5747 1610
45136 5702 38353 5379 4430 2168
30310 4399 38674 6025 5094 1746
59613 6025 17023 5702 5093 1886
36458 6348 27720 5702 5418 1747
37747 6348 33178 6025 5095 2307
40940 4740 28042 5702 4769 2169
36780 5379 33822 7328 5418 2029
36458 5702 48636 6348 5419 1886
36458 5386 28042 6025 4771 1887
20945 5702 42549 6348 4105 2305
40284 5702 32523 6348 4432 1610
40940 4734 29331 7328 5419 1886
30955 5702 31277 4740 4768 1888
41583 6670 28364 6025 5095 2444
32244 6025 43849 6348 5093 2031
36780 5056 17705 5702 4431 1748
41905 6025 27720 6670 5744 1749
51219 5056 47016 5379 4105 2029
36458 5379 33500 5702 4105 1609
39371 6025 32244 5702 5095 2029
49345 5379 57106 7338 5421 1748
59854 13788 20270 8619 4768 1610
42227 6348 28042 5702 5418 2029
31599 6025 45730 6348 4765 1886
31277 5379 35444 6025 4431 1748
36458 6348 33545 6348 3780 2027
57672 4734 56953 5702 5419 1748
38082 6993 32523 6025 4431 2306
45136 5056 17047 4734 4109 1610
40284 6025 29653 6348 5418 1887
44492 6993 42549 7651 4767 2446
33868 6348 34190 5379 5417 2030
38404 5379 33545 6348 5094 1609
36136 6025 32201 4734 4428 2168
37425 6025 32523 6025 4107 1748
31922 5702 18996 5710 4430 2308
45470 6348 18028 6348 4106 1471
40230 6670 48249 11213 4431 1887
36458 5056 28364 6348 4108 2167
30955 5379 38353 6670 4429 1608
31922 5063 17370 5710 4432 2029
22571 2789 8929 4399 4431 2446
11859 1161 9265 3758 5094 2308
19948 3758 8942 3758 3456 1888
36136 6670 32857 6025 4105 2030
40940 5379 35110 4734 4432 2027
41262 6993 28364 5702 4107 1887
34144 10568 26990 7651 4771 2584
36458 6025 33178 5702 4431 2446
58970 5379 58570 6025 5422 2030
40618 5379 27385 6025 4106 1609
47079 6348 54124 5702 4432 3694
30310 5710 27063 4734 5746 1747
40284 6025 28364 5379 5093 2720
35491 6348 59693 4399 4107 1887
58327 7317 54592 5056 5093 2167
24795 5063 32566 5056 5094 2305
59291 5056 32857 6025 4769 2030
22538 8296 48314 7651 6070 2305
31922 6670 32523 5379 4431 2446
30632 5386 37697 6348 4432 1886
44814 6670 27720 5379 4769 2445
42227 6025 34144 7640 5419 1746
11552 4734 17047 3435 4770 1888
41262 6993 27720 6025 4767 2307
44492 7328 53803 6348 4769 2304
40940 6670 28042 5379 4433 1886
36136 6025 34190 5702 4104 2308
41583 5379 28042 6025 5094 2168
47723 6025 57595 5379 4432 1887
27063 4405 27385 5056 4432 2306
29009 6670 42883 4734 4431 2861
40618 5379 37103 8619 4432 2029
36136 6025 33178 6348 4767 1886
33868 5379 38031 5056 5093 1746
32566 8619 38674 7651 4108 2031
40940 6348 28042 5379 5418 2308
37103 6348 33178 6670 5091 1747
40618 6348 32566 6670 5093 1748
18673 1484 8929 6356 5093 2306
58648 6016 53730 5702 5095 1887
23539 5386 17370 5063 5095 2168
32566 5702 33178 6025 4768 3418
43849 6670 35766 5379 4431 1886
31599 5702 34144 5702 5092 2167
53481 4734 58249 5056 4430 1747
30955 6025 32244 5694 4432 1749
36087 7328 44171 5379 6721 2305
22538 5379 55089 4399 5745 2031
32901 6348 38674 5379 4431 1885
35491 5702 28687 6025 4106 2306
40940 6348 28364 6348 5093 1885
45470 5702 41849 5702 3780 2167
42227 6348 28687 6025 4432 2029
37103 5702 32901 6348 4108 2167
36087 5702 28364 6670 5417 2030
36087 6670 33822 6670 5419 2030
20299 5063 28042 5063 4431 2307
41262 6670 28364 6025 4431 1609
42549 6670 39587 5702 4108 1886
36731 6670 33178 6348 3456 2167
34512 5056 37697 7328 5743 2167
33545 4734 33178 6670 7706 2167
57351 5056 57595 5056 5092 2029
57994 4399 18350 5056 4769 2444
32566 6025 38353 5702 5746 2031
38404 4399 30310 5379 5418 2307
57994 6025 55990 5056 4106 3558
58327 6348 57916 6025 5092 1886
59934 4734 56632 6025 3779 2307
33868 6670 43205 6670 3781 1748
36458 4734 27720 5379 3780 2169
35814 5702 34466 6993 4430 2028
30310 4399 32201 4734 4769 1748
59613 5056 55336 6025 4431 2166
32901 6025 47659 4734 4431 3144
38674 6670 30955 5056 4768 1610
31277 7328 63076 5702 4105 3833
37103 6025 28687 5702 4769 2445
36087 5379 39640 6670 5093 2167
41583 5379 27720 6348 4431 2030
45470 5056 40672 6025 5418 2029
36136 5056 33545 6679 5418 2028
31599 6348 37375 6993 3781 1748
29331 5063 27720 5379 5418 1609
37425 6025 38674 5702 5094 1747
45136 5379 33178 5702 5744 1610
36458 8619 27385 6025 4430 1887
30632 6033 38031 6670 4104 1609
60911 5379 32523 5372 5092 2167
20622 5702 33500 4399 5741 2304
36087 6025 27385 4399 4429 2029
40284 6025 28364 6670 3780 1887
54446 4734 28687 6670 4769 1609
23183 4740 38353 6993 4431 1748
40016 6025 38031 6025 4107 2030
32901 5386 34466 5379 4106 3556
46758 6670 29009 6025 4429 2168
34466 7973 57994 6993 4108 1884
20622 6348 42883 6348 4104 1746
20945 4405 32566 5056 5091 2029
32566 6670 40284 6993 4431 1887
35491 5056 45470 5702 5092 2304
40672 5056 18028 6670 5095 1747
34788 5702 59854 5702 4432 3558
37103 4076 31922 6348 3782 1610
35814 5379 33822 6670 4431 3419
31277 5056 37053 4734 5093 1748
40940 5056 28364 6670 4434 2030
39318 4734 28364 6348 5419 1887
22538 4740 38031 4734 4108 1610
59291 5702 30591 4734 4431 2166
20945 4734 43468 5379 5093 3834
36458 5379 33178 7328 5094 1750
46114 5056 56953 6025 5418 3697
35491 6670 34466 6348 4107 1887
30955 5056 27720 4734 4769 1748
32244 4734 33500 6348 5741 2168
60256 5056 20593 6670 5092 3971
30632 5379 33178 6025 5419 3280
35814 5379 33822 6670 5091 2167
40284 4399 32523 6025 4767 1887
36136 5056 32523 6348 5421 2030
57029 4399 34466 4399 4432 2029
36087 5379 56386 4734 4429 1748
42883 6025 32857 6025 5418 2029
24472 6679 37053 6670 4431 1887
44492 6348 17370 8619 3455 3832
36087 6025 30632 7651 4105 1609
37053 6025 32857 7651 4107 1748
34835 4734 17370 5056 4430 2167
36458 5702 33178 7973 4768 1747
34190 5702 33822 6670 4105 2444
31277 5049 57029 7651 4768 1746
33868 5702 38674 7328 5093 1747
31922 4740 29331 6025 5095 1886
45470 6670 17705 6025 4431 1886
17705 5070 7328 2789 4429 1748
20915 4082 16402 2142 5092 1747
12198 5710 13143 4076 5418 1886
36458 6348 33178 4734 4431 2445
57351 5056 28042 4734 4432 2305
59291 5702 52505 6993 5093 3276
30632 3753 38996 6025 3456 2445
41583 6993 29653 5379 4104 2028
20299 5386 32901 5702 5093 1748
31599 5379 38031 6348 4105 1747
33545 5702 60829 6025 5420 2443
32244 4399 31922 5379 4432 1471
37425 5379 35110 5379 4104 2028
30632 5702 28364 5702 4105 2028
30955 7973 36731 4399 4428 2027
37053 4399 37697 4399 5095 1884
61875 5379 44111 5379 4768 2030
40618 5379 33500 5379 5742 1471
36780 5702 32857 6993 5745 2029
20299 4399 43205 6670 5092 1746
30955 6025 27720 6348 5744 1747
41905 6348 28004 5702 5093 1887
44814 6348 28687 5056 3780 2167
47079 7651 17370 5702 5094 1747
60496 12164 47659 10230 4431 1609
36780 6993 33178 6025 5093 2168
51932 5702 33178 6025 4106 2305
37425 6348 17705 6025 5420 1887
37053 6025 32857 6348 4430 1887
30632 6025 28042 4734 4434 2030
30632 5379 57672 4734 4103 2029
30310 4734 28364 5379 4431 1886
48057 6670 17705 5379 5419 1748
59934 5702 24830 6670 4106 1747
36136 5702 33822 5702 4432 1610
36409 5379 33223 5379 5095 1748
38082 5702 17370 6670 5743 1749
43205 6993 29331 6025 5091 1610
45470 4734 31277 5379 4770 2307
42549 6348 28364 6348 4769 2029
30955 6025 28687 5379 4769 1886
36136 6348 34144 5702 5743 1609
64051 5702 56632 5056 5742 2305
31922 6670 38353 5702 4768 1747
41905 6348 28687 6025 4768 1747
32613 5710 32244 5056 4431 2167
40618 6993 28687 6025 5417 1610
31277 5056 28042 4734 4767 1608
57994 5056 55336 5379 4431 2720
45792 5056 40618 5056 5092 2167
59934 5702 28042 6348 4430 1745
46114 6025 33822 5702 5093 1748
35491 5379 23828 6025 5094 1887
33178 5379 50576 6025 4768 1748
40618 6025 39962 5379 4103 1471
37375 7651 35766 6348 4432 1748
35814 7328 18028 3753 4431 1471
37053 5702 33223 5702 4106 2167
62434 7328 55990 4734 5418 2030
30955 5702 28687 4734 9659 2029
21560 6670 44814 5379 4765 1609
36136 5379 33500 5379 5418 1609
29976 8607 58327 6025 4429 2168
30632 4399 39318 4734 3781 1747
46114 5702 17370 6348 5094 1747
41583 5702 38301 8942 4428 1748
37697 6348 33178 6670 4769 1886
67273 6670 56953 9908 4429 1886
30872 5702 32244 6348 3130 2168
44814 5379 17705 6670 4769 2166
57994 7962 33178 8284 4435 2169
45470 6348 58249 6025 4768 2444
29976 5056 33223 7651 4431 2028
31599 8942 58570 6993 4104 1886
23505 6025 43205 5702 5095 1747
36780 6670 17370 6339 4109 2029
38674 7328 35444 5056 5094 2030
37747 9922 35491 5056 5096 1886
42549 6670 28970 6670 5418 3558
32901 4734 29331 5056 4767 1610
57994 6025 57595 5379 3130 2445
38082 5702 40284 7328 3780 1887
46436 6670 28042 6348 5090 1886
40940 5056 29009 6348 4430 1885
30632 4740 28042 4399 4108 2168
36136 5379 33178 7328 5418 1749
45470 7328 19319 4734 4433 1747
36731 6016 35110 6670 4432 2167
62196 7328 30591 4734 4105 1887
50310 6025 29855 5056 4769 1885
39640 4734 29331 6348 5744 1608
32901 5063 28687 5379 4766 2860
53160 5379 56953 6348 4766 2998
40940 6025 32523 5702 4427 1470
42227 6348 29331 6993 4431 3554
32244 6670 33822 6348 3783 3693
36458 5702 32857 6348 5092 3835
32566 12839 32857 5702 4431 2861
48636 5710 45792 5379 4431 1887
36458 5056 33500 6025 5092 2166
30632 3753 28364 5379 4766 1886
59934 5379 54446 6348 4768 2442
45136 6025 28364 6993 4105 2445
41962 6348 28364 5702 4429 2442
38996 5702 36087 6993 4433 2305
31599 5702 33500 6348 3780 3834
59934 5056 42492 5702 5092 1885
30955 6670 28042 4399 4431 2582
53481 7328 59533 5702 5093 1747
58970 4734 41583 5056 3782 1609
36458 6025 34144 5379 4431 1609
40940 5702 17370 5379 5094 1748
37747 5702 29331 4734 4767 1747
36136 5056 34144 6025 4105 2169
30310 4734 37375 6993 4430 3417
38404 5056 32901 6025 4431 2305
31277 5710 28042 5379 5421 2307
59291 6348 42549 4734 3781 1885
51541 4734 32201 5702 4431 2029
31599 7651 38353 4734 5419 1885
35157 5056 33178 5056 4770 1885
27720 6025 42549 6025 4769 2169
33868 5056 58570 5056 4769 2029
55089 5379 26096 6025 4435 2305
36136 6025 33223 6025 4768 1747
49988 5702 39640 5379 5095 1885
39265 13808 33178 5056 4431 1748
30632 4399 32523 6993 5092 1886
59934 4734 28364 5702 4431 2167
45470 4399 55336 5379 4769 1887
39049 5702 17370 5063 6070 1748
58970 6348 36731 5379 4769 2030
20622 5063 29331 4399 5417 1887
40618 6025 28687 6993 4769 1887
37425 4734 47659 4734 10633 2029
55089 5702 19291 5702 5095 2581
23183 5386 17370 4082 4430 2308
20299 3435 6679 2139 4103 2308
20299 1161 7003 2142 5091 1747
31277 5702 37697 5056 5093 2169
36780 6025 33178 6025 5094 1610
42549 7651 29009 6025 5093 2302
31922 5056 28042 5379 6068 1747
45470 5386 27720 6025 4768 1885
42227 6670 42883 6025 5090 2305
41905 4076 18028 5379 3779 2028
59613 5056 21882 5056 3782 2029
59613 4734 58570 4076 5092 2443
36731 5702 42883 5379 5094 3693
59934 4734 27720 4399 4767 1886
37747 6025 33545 5379 5093 1886
49988 6348 28364 5379 4767 1748
37697 7651 46758 5702 4430 1886
30310 6025 27720 6025 4769 2168
36458 5379 38031 6348 4428 1886
50310 6670 42883 6348 4767 2860
36136 5379 33178 7328 9330 2443
35766 6348 34466 6025 4107 2031
56386 4076 53160 4399 4431 1609
58648 4399 33500 6025 4769 2030
35157 9587 37053 4734 5419 1887
45136 5379 18324 6993 4431 3280
36458 4076 33223 5379 5417 1608
36087 7973 38404 6670 5420 3692
21590 6679 39962 5056 5091 2306
21267 4405 32901 6033 4769 2581
40284 5702 28042 5702 5419 1886
37747 4734 32901 5379 4769 2028
42549 5056 29009 7328 4769 2445
32566 5056 32901 5702 4105 1748
39371 6348 34144 6348 4432 1884
37425 6670 37697 7328 4431 2444
36136 5702 34144 5702 4106 2167
47401 6348 56953 6025 4768 1746
30310 6025 29009 4734 4108 2030
21267 5386 43205 6993 4106 2308
35110 3758 38353 5379 5092 3419
31277 6670 38031 9922 5417 1608
41262 5056 29009 6670 5095 2447
23216 6670 52826 5379 4431 1886
53160 6025 35444 6670 5421 2306
22236 5702 27385 6033 4769 2306
40618 6348 29009 5702 5419 2167
35814 5702 42549 5702 5091 2031
35491 6670 33545 6348 5418 2307
40940 4734 56941 5386 5096 2030
31277 5379 59212 6025 4769 1748
46114 6993 28687 6993 4431 1886
41905 6670 19642 5379 3456 1747
60911 5702 53481 4734 5418 2304
35491 5702 18028 4405 5421 1332
59291 4734 56311 5056 4430 2030
30632 4399 42227 6348 4768 1747
32244 6025 38674 5379 4767 1470
29331 5379 42883 7328 6721 2307
37103 6670 40284 5056 5420 1747
30955 6033 37697 6348 4767 2167
33868 6025 28042 4734 5096 1748
40940 6993 28042 4734 4768 2030
32566 5379 38353 6025 5744 1610
61150 7328 38353 7338 5418 1748
30632 4734 28364 5056 4765 2029
55410 6025 47338 5379 4106 2583
35766 6348 55410 4399 4768 1746
40672 5702 35110 5702 3779 2445
37103 6993 37697 6670 4765 1609
36458 5710 24150 5386 4105 1748
52826 5379 56632 6025 4768 2305
40618 5379 37697 4399 5094 1471
40940 5702 29976 5702 4431 1610
46114 6348 33178 5379 4430 2304
40618 5702 56632 6670 5095 2031
35491 6025 34144 7651 4429 2029
32244 4405 28364 6348 4432 1609
40940 6025 28687 6025 5093 1886
47401 4734 41905 6348 4106 1886
42549 6025 29331 5702 4769 2029
49667 5379 17345 10217 4769 2306
36136 9251 55743 6348 4105 1885
50310 5056 33500 5702 5089 1608
36136 6670 28042 6025 4768 1886
36458 6670 33545 6348 5744 2169
31599 6025 28042 5379 4108 2306
30955 6025 38031 5702 5419 2306
30632 6025 48636 5056 5418 2169
42227 5702 33545 6670 4770 1609
62196 4734 26418 6025 4429 1886
42227 5379 29009 5702 4769 1886
37747 5702 34144 6348 4107 2167
36780 5056 28364 5056 4767 2030
37103 5379 34512 6025 4431 3420
44492 6025 38031 6670 6393 2029
44171 6670 28687 6348 6068 1886
29976 4740 29292 7651 5417 2029
40618 5702 29009 7328 4432 2169
41583 7973 43205 4734 5094 2305
32244 5702 44111 6348 5095 1886
36136 5702 36087 6670 4108 1748
29696 5386 29009 5386 4769 2030
51219 6348 33223 5702 5093 2581
37375 6348 62434 5702 5095 1887
50310 6025 55336 5702 4432 1609
36731 5379 37697 6025 5094 1749
37425 5702 33500 6670 5092 1607
40618 6670 28364 4734 4107 2030
32566 6348 29009 5056 5420 1886
37103 6670 32566 5702 5093 2584
40618 6025 29292 9265 4106 1885
33545 5379 38353 6993 5420 2307
30955 5702 28687 6033 4432 1888
31599 6670 38353 6348 3779 2167
38404 6670 34190 5702 4106 2305
31277 5056 34788 6348 3783 1887
40618 6348 30310 7328 4431 2028
26418 5063 32901 5379 4769 2307
31599 6025 38674 6025 4770 1748
30955 5710 28042 5063 4771 2720
37425 6348 33223 4734 3783 1886
38353 6679 38031 6348 5093 1885
38404 6348 32566 5702 5095 1886
51219 5056 56311 5379 5094 2444
57351 4734 17705 5379 4105 1886
41905 6348 18028 5702 5097 1747
30591 6993 61150 6348 5418 1610
56386 5702 55668 5379 5417 2305
37425 5063 18028 6348 4432 1886
60256 5379 36087 5702 4106 2030
57672 5710 38674 11213 5091 2029
33223 5379 28042 5379 4107 2029
37425 6993 33822 6670 4767 2308
21913 4399 21267 6679 5094 1471
36780 5702 38674 5702 5420 2168
21267 4405 28042 5710 5095 3695
12839 4405 14796 3758 5095 1748
19976 4405 27720 6033 5093 2168
36780 5702 32901 5379 4107 1887
58648 5056 56386 4082 5095 2030
31922 5056 38031 6670 5420 2167
31599 6670 38031 6348 5097 2168
41583 5056 58249 4734 4104 2167
30310 5063 29009 5379 6070 2860
34190 7328 39962 4734 5743 2307
36458 4734 42549 5379 5092 1748
55743 4734 56632 4734 4104 1885
43527 7973 38674 4734 4770 2168
40284 6993 56632 5379 5094 2718
36458 6348 34512 6025 4105 2029
32901 6033 29614 6348 6393 1886
41583 6993 28364 6025 5092 1746
39640 5379 37697 6348 7381 1887
36458 6025 38353 5702 4768 2029
30632 4405 32244 5379 5096 2028
31599 7651 57351 4393 5422 1886
61875 4076 34190 6993 4769 1747
35814 6348 32566 5702 4431 2030
45470 6670 28364 5379 3781 2307
31599 6025 28687 5710 5092 2305
50898 6993 53730 6025 3780 2445
41583 5056 49278 6670 5095 1748
36780 6348 33178 5702 4431 2030
57351 5056 17370 6670 4430 2029
31922 6025 38353 5702 4767 1886
28364 6993 42549 5056 4769 1886
30632 5386 18996 5063 5420 1886
44171 5702 29331 6025 5092 1887
45792 6025 42549 6348 3131 1885
31922 6993 38353 4734 5094 1608
30955 4740 27720 6348 4769 2998
48636 5702 51219 4734 4105 2029
49345 6025 44754 6025 5092 2028
21267 5379 55990 6025 4104 2169
37425 6025 34144 6025 5745 1748
30955 5379 28042 5379 4434 2029
30310 5379 37697 7651 4769 1748
22236 5063 37375 4405 3456 1748
57994 6670 54051 5056 3458 2308
40618 7328 39962 6025 4432 2167
51541 6670 53481 6348 4434 2446
32901 5379 35766 5379 4108 1886
43527 5056 54767 4734 4432 1747
36780 5702 33822 7328 4767 2169
49988 5379 24795 5702 5418 2167
41262 6348 29009 5379 4767 1884
20622 5063 32901 4734 4769 2306
38996 5056 59212 5056 4108 1884
39049 6348 43849 5702 4107 1746
32901 5063 26741 13788 5743 2029
22893 6025 43527 6993 5095 2168
30632 5379 27385 5379 4432 1747
54767 6025 54767 4734 4107 1746
24150 5063 29331 5386 4770 2029
35157 5702 56708 6348 4768 2166
52254 4076 28364 6348 3780 1885
30955 6670 38031 5379 5093 1886
45470 7651 38996 5056 3456 1886
33545 4734 18028 4082 5746 2030
45792 6025 17705 5379 4432 1887
40940 5056 37697 6025 4766 2166
35814 6348 33223 6670 4431 2167
31277 5710 19319 5063 5420 2029
35491 6993 38031 5379 5092 2307
56462 8296 33223 6348 4768 2030
37375 6670 27720 5386 4768 2029
33178 5702 57351 6348 4768 2168
20945 5386 33868 6025 4106 2308
61875 6025 26096 5056 5094 2169
21267 5063 32901 6348 4431 1886
37425 6348 33223 4734 5093 2582
22538 6025 58970 6670 4104 1748
41905 5379 28364 5702 4104 2167
37425 5379 33178 6348 5418 2307
30632 5379 29009 5056 5093 1886
40940 6348 28364 5379 4429 1747
41528 7328 32201 6025 4429 2445
39371 7328 33822 6025 5418 2444
37425 4076 26096 6348 5418 1886
32566 5702 56386 5702 5419 2307
32566 6348 38031 5056 6068 1749
30632 6670 34144 5702 5094 1748
36458 7651 32857 6025 5095 3557
38082 7338 18028 5710 5092 1888
20945 7328 42883 6025 3781 2305
36458 4076 18028 5379 4107 2307
56065 5379 34190 7651 3779 2307
53481 4734 56953 5379 4769 2028
36458 5379 34144 6025 4431 2031
37103 5702 32901 5056 5745 1886
33868 5056 29976 5056 5417 2169
35491 6348 33822 5702 4105 2306
45470 6670 29976 6670 4432 2167
28364 4734 57994 5049 5094 2167
30310 6670 29009 5379 5095 1888
38082 6993 32523 5056 4428 2169
48636 4734 53481 4076 4769 1747
35766 5386 17370 4740 5096 2168
63076 5702 57274 5056 3779 1470
37747 5379 32566 5702 5093 2169
60911 5702 52755 5702 4429 1748
42549 6348 37053 5379 4431 1608
44492 7328 42883 6670 4430 2306
20299 5710 33223 6348 5745 1748
37375 6025 58249 4734 4107 1747
37425 6348 43527 5702 4431 1886
32566 6025 28687 4399 5094 2029
37103 6025 35766 6025 4769 1609
63494 6983 54372 6025 4432 1747
31277 5702 39640 6670 5417 2031
48701 4734 55668 5379 6067 1609
41583 6025 31599 6025 3130 2169
55743 4734 29936 6025 5421 1610
30632 5702 50576 4399 4431 2447
63076 5702 56311 5379 5093 2306
36458 6025 37375 5702 4431 2447
37053 6025 33178 7328 4106 1885
39640 5702 29653 5056 4767 1609
27385 6025 43205 6670 3780 1886
35814 5379 28364 6993 5092 1746
31277 8296 38674 5379 4767 1886
55089 7328 56311 5386 5094 1747
32901 6348 29009 5056 5420 1887
40618 6025 17370 6348 5094 1747
41583 6348 38031 5702 4432 1886
31277 6025 37697 6348 5092 2720
31922 5056 32201 7328 5420 2169
31193 4734 45409 4734 4769 1747
29976 5710 27385 5056 5094 1885
36780 5056 33545 4399 4768 1609
62839 5702 43468 4734 5093 1609
30310 4082 18028 6025 4768 2167
11552 2142 8307 1161 5095 1748
12182 2139 18028 4405 5093 1748
35491 5063 31922 5386 5096 1888
33545 6025 50898 6348 4769 1887
49345 5056 28364 4734 5093 2029
40284 6025 29009 6348 4105 2306
22893 6993 8631 3112 4429 2308
40284 5702 29653 5702 5742 1607
44814 5056 33822 5702 4769 2029
58648 5056 57274 5379 4767 2585
20299 4405 24150 4740 5092 4256
35157 4734 36409 5702 5093 1888
31922 5379 32901 6670 4766 1747
31599 6025 37697 5379 4769 1886
37053 5056 36731 5379 5421 2308
44874 5702 28687 5702 5418 1609
56386 4399 24472 4399 5093 1747
36458 6033 32566 6025 5092 3833
41639 5063 32244 5702 5745 1745
41583 7328 34512 6025 4105 2169
20945 3435 25774 5056 4769 1886
36458 6025 39640 5379 4432 2583
30955 5056 23828 4082 4767 4249
36458 6033 56555 7317 3782 1747
32244 4399 23828 5702 4765 4662
36458 5702 28687 5056 4433 1610
21267 5710 39640 5056 4107 2721
42883 5702 58570 4076 4431 3695
36087 7328 33178 6025 4430 4255
35814 5386 36780 5702 4769 2445
30632 5056 30830 4076 4105 1748
39962 5702 29009 5056 5744 1887
37103 6025 29331 5379 4767 2584
32566 6025 33545 6348 5095 4253
42284 6025 38031 6025 4768 2445
21267 5063 38250 7973 5420 3831
30955 5056 34144 5702 5419 2169
31599 4734 33223 6993 4768 3969
23539 5702 54767 4399 5095 1608
41583 6025 17370 5379 4765 2306
50576 5056 37375 5379 4431 2169
40016 5379 28687 5056 4430 1886
36136 5379 38353 6025 4429 2998
29653 5702 43205 6670 3779 1886
36458 6348 42549 5379 4767 2444
46758 5702 33500 5379 5418 1886
46436 5379 33500 5056 4430 2307
33868 5710 37697 6670 5744 2167
35814 5056 29009 5056 4766 2447
51288 6025 32901 5056 5091 4110
36458 5702 29331 5379 4767 2307
36136 5702 38031 5056 5093 2584
31277 5056 29331 6033 4767 2443
41206 5702 29009 5056 3784 2722
41905 6670 38031 5379 4430 1747
20945 5702 46373 5379 4770 2168
41905 4734 46695 5379 5745 1747
30632 6993 33822 4399 5095 1886
38082 6033 29009 5379 5420 2031
30955 5379 33223 5056 4433 2306
35814 4734 32523 5702 5094 2028
30955 5056 32901 5056 4105 1748
40618 5056 33178 5702 4769 2305
33545 6348 37375 6993 4765 1747
31277 5063 28364 4734 4431 3417
35814 5056 29976 4734 4107 3418
30310 4399 42883 5702 4432 2168
31922 6348 37697 6025 4767 1747
21209 5710 29331 5063 4105 1887
36136 4399 40618 5702 5095 1747
50644 6993 28364 6025 5419 2029
39371 5379 39587 5056 3779 2167
36136 5710 42171 7328 5418 2030
36136 5379 34144 7651 5096 2306
31277 5063 17370 4399 5094 4253
30310 5379 38674 6025 5089 2169
31277 5063 28042 5056 5418 1748
37103 5056 30632 6008 4768 3692
37103 6348 32290 5063 4106 2307
34835 6025 33822 6993 4431 1886
65989 6025 61792 15089 4432 1610
57351 5379 43468 5702 4107 3419
12839 3112 8619 4082 5418 2029
30632 5056 38353 6670 5741 2444
32244 5056 33178 6993 4768 4396
36458 6033 38082 7651 4430 3970
30310 4405 28042 5379 3782 1885
35491 9265 44754 7984 4767 1748
48379 5710 34835 5702 4107 1748
40338 5702 33178 5702 4770 1609
33822 4734 54767 4399 4770 2307
53803 6670 17047 6025 4772 2029
35157 5063 17370 4734 5420 1609
38726 4734 29653 6670 4764 3141
36136 5702 39318 4734 5094 1608
54446 5379 56953 10245 5094 2167
36780 6993 32244 5056 4430 1887
55410 5702 55668 5702 5420 3559
38674 5702 32901 6348 3456 4392
41262 5702 28892 5056 4769 2170
58648 4734 28727 4399 4769 4107
37425 5702 36458 5379 4431 2030
36409 5702 56953 6025 5417 4247
44814 5702 33500 5379 3782 3279
21913 5386 17705 4399 5420 4392
46758 5710 33223 5702 5095 2030
53160 4399 57595 5056 4769 1748
59291 4076 55990 4399 5090 4526
29976 6025 32566 4734 5093 2445
36780 6356 33178 5056 4769 4668
47338 6670 27682 5702 3454 2582
38996 6025 38031 5063 5094 2031
32901 6025 27720 5379 4105 2306
20622 5063 27720 5379 4432 2444
30310 6025 33868 5379 4107 4387
49921 5056 41905 8954 5419 3557
30955 6670 43849 6025 3781 2168
30632 5710 28042 5702 4432 2723
45136 6025 32201 4399 6719 2169
36458 5056 27720 6025 3455 4806
46114 7973 19642 4734 4108 1748
57351 5056 56953 5710 4768 3968
35157 4734 32901 5056 3781 2584
29976 5056 29009 5702 5740 1748
31922 6033 27720 5379 3780 2306
20622 4740 17370 4740 4431 3834
36087 6025 28727 4076 5746 3695
20270 4405 32901 5056 4768 2445
61554 5056 30955 4399 4428 2169
30632 5386 27720 4076 4430 1886
52576 6025 27349 5710 5419 1193
36780 7651 36458 4734 5095 2029
31277 6025 28687 4734 4430 4252
50310 4734 48636 5379 4429 2307
40016 6670 28364 5702 4110 1747
21913 4740 32901 5386 5091 2307
48057 6025 29331 5379 5418 1747
28042 4734 28687 5710 4432 4532
40940 6670 43527 5702 4769 1608
26741 6033 29009 4734 4105 4253
21267 5710 32901 4740 5092 2860
30955 5379 28042 5056 4768 4392
30310 5063 27385 5056 4768 1747
20622 5386 28042 4734 5094 4392
36458 5379 27385 5702 4767 2445
19642 4082 26741 4734 3782 2307
20299 5386 39371 3758 4106 1886
32244 6025 17705 5710 4432 4252
20270 5386 37697 5056 4768 1887
40940 7328 38031 5379 4769 1608
35766 5702 33545 5379 4105 2306
20622 5063 29009 4740 4431 1886
28727 5386 17705 5063 5094 4391
11859 7012 8307 5710 4769 2169
22538 1807 8954 6348 4431 2168
12182 2466 7973 2462 4765 1749
21237 3435 17729 5379 4105 1885
13162 2789 8631 2466 3780 1749
12533 2789 8929 3112 4430 4252
21913 1807 7338 2789 4432 1887
19976 3758 6033 2466 4430 2032
12164 5063 16100 2142 4770 1886
15089 3763 7661 2142 4431 1887
19976 4405 16725 4740 5418 2167
12182 1484 8631 2142 4105 1747
11842 4405 6679 2466 5090 1610
20622 2789 8307 2142 6069 1886
