2014-10-20 08:05:42.843700,0,1413806742.89,3323200523534,7362847612633,95449088,7364608,26166705152,13123530752,27789475840,6343127186,6315771374,3861009409148,3501889603727
2014-10-20 08:05:53.014114,10,1413806753.05,3335429394808,7386972412126,95449088,7372800,26280147968,13618819072,28842172416,6343136594,6315782976,3872857843042,3514235636884
2014-10-20 08:06:03.169232,20,1413806763.2,3349945618481,7416472496358,95449088,7405568,26280598528,13657018368,28927119360,6343145757,6315787383,3887766719894,3528844445686
2014-10-20 08:06:13.329605,30,1413806773.43,3370225084856,7457366462714,95449088,7413760,26356784128,14945820672,31398596608,6343152525,6315795876,3908353243000,3549232223823
2014-10-20 08:06:23.543387,40,1413806783.63,3375713868690,7471912222467,96550912,7446528,27348077568,14174035968,30226984960,6343160819,6315800604,3917319086554,3554730450099
2014-10-20 08:06:33.720234,50,1413806793.78,3394034407504,7506246239407,96665600,7479296,27348368384,14416113664,30890848256,6343168343,6315809551,3933201428344,3573107973908
2014-10-20 08:06:43.904459,61,1413806803.95,3411375214847,7541503552890,97697792,7491584,27349318656,15148494848,31949877248,6343182363,6315827425,3951049617742,3590624738239
2014-10-20 08:06:54.042099,71,1413806814.7,3424376457737,7566461132877,97718272,7532544,28413524992,14888042496,31228538880,6410483054,6382866999,3962946331051,3603698709224
2014-10-20 08:07:04.797827,81,1413806824.85,3437071633998,7590355313689,112660480,7565312,29231746048,15175954432,31636226048,6432843634,6394164145,3973988275111,3616496736261
2014-10-20 08:07:14.959909,92,1413806835.0,3453777129436,7623944534049,195825664,7606272,29519531008,15207497728,31841349632,6443837528,6405417531,3990803579829,3633310304632
2014-10-20 08:07:25.113734,102,1413806845.15,3467074043905,7650871529368,230723584,7647232,30300052480,15119822848,31952891904,6454980718,6427759238,4004326483696,3646609502065
2014-10-20 08:07:35.241880,112,1413806855.3,3475696107139,7665970095445,246042624,7684096,31594245120,15087591424,31617953792,6466087602,6438751036,4010773822035,3655364838527
2014-10-20 08:07:45.402471,122,1413806865.44,3490376402057,7694519842925,344612864,7712768,31962885120,15209201664,32036618240,6477206562,6438794248,4024602002247,3670083776756
2014-10-20 08:07:55.552997,132,1413806875.59,3506083390156,7723642806505,423903232,7753728,32373038080,15326908416,31821508608,6499560764,6461089659,4037919995237,3685909719904
2014-10-20 08:08:05.703111,142,1413806885.74,3522218533766,7755642624795,500944896,7798784,32761392128,14993248256,31066451968,6505204390,6461105847,4053683374234,3702098545718
2014-10-20 08:08:15.833243,153,1413806896.84,3539350296339,7789912773887,594075648,7843840,33313442816,15134408704,31631314944,6521940135,6483478051,4070681106219,3719278827115
2014-10-20 08:08:26.941369,164,1413806906.99,3544670260437,7796566684110,609185792,7872512,34481396736,15562076160,32022364160,6533151152,6483501207,4071944262766,3724710223048
2014-10-20 08:08:37.102629,174,1413806917.14,3552315563730,7811260134055,658997248,7909376,35475016704,15183908864,32010932224,6544306844,6483524647,4079000043609,3732449726089
2014-10-20 08:08:47.251986,184,1413806927.32,3567391178708,7839095090016,746549248,7954432,35477523456,15356448768,31741943808,6561116455,6489102192,4091678605316,3747591088706
2014-10-20 08:08:57.423075,194,1413806937.45,3581002410838,7867716308032,802152448,8114176,35608689664,15031947264,31017476096,6566654332,6505801614,4106568267846,3761318992618
2014-10-20 08:09:07.538690,204,1413806947.59,3589264034571,7885326297086,835469312,8138752,36617137152,15396810752,31759839232,6577946649,6528010058,4115813403662,3769581281470
2014-10-20 08:09:17.712360,214,1413806957.76,3592293973841,7892188610321,858767360,8179712,37846342656,15522398208,32031543296,6577954017,6528012515,4119577088766,3772653034487
2014-10-20 08:09:27.847031,225,1413806967.88,3607151832511,7921744733946,939511808,8220672,37982362624,14781489152,30553382912,6577964432,6528084563,4134252012580,3787646862531
2014-10-20 08:09:37.983395,235,1413806978.03,3627246567274,7961857867317,1079971840,8253440,37999905792,15634849792,32034185216,6600093664,6550280089,4154236767241,3807845183163
2014-10-20 08:09:48.141547,245,1413806988.2,3635863294390,7980507646828,1087275008,8581120,38770240512,15113465856,31223230464,6622558848,6555902698,4164120645630,3816449838668
2014-10-20 08:09:58.334350,255,1413806998.38,3637331068759,7984347421935,1112698880,8613888,39989107712,15138549760,31288360960,6622592506,6572589678,4166491852508,3818034915960
2014-10-20 08:10:08.514231,265,1413807008.56,3652442056800,8014603273390,1214263296,8663040,40152955904,14692929536,30591897600,6622605928,6572594116,4181462314940,3833257640520
2014-10-20 08:10:18.711263,275,1413807018.75,3672545360759,8053254603240,1343320064,8687616,40158223360,15547781120,32014442496,6644838303,6594703117,4199974675765,3853449815509
2014-10-20 08:10:28.851282,286,1413807031.04,3687837064982,8085297643628,1375408128,8945664,41061665792,15181549568,31245135872,6667302890,6606016698,4216608003413,3868796011277
2014-10-20 08:10:41.151205,298,1413807041.2,3689338694768,8089624576334,1385308160,8978432,42289593344,15268892672,31548592128,6667332727,6617099617,4219340043980,3870369694411
2014-10-20 08:10:51.331636,308,1413807051.38,3704779648093,8120302748822,1482289152,9027584,42425605120,14762860544,30730530816,6667343625,6617105056,4234528577864,3885937218764
2014-10-20 08:11:01.480106,318,1413807061.52,3721840312737,8154999753276,1614254080,9052160,42697448448,15586754560,32006971392,6689768859,6639575440,4252067356389,3903090637064
2014-10-20 08:11:11.613855,328,1413807071.65,3739042927498,8189267625769,1702264832,9101312,42716912640,15379918848,31534936064,6701160339,6650700604,4269031012538,3920391595078
2014-10-20 08:11:21.741368,338,1413807081.78,3751603750378,8214839391320,1753071616,9142272,43666516992,14965411840,31153987584,6712290001,6667403915,4281931931556,3933035650052
2014-10-20 08:11:31.930966,349,1413807091.98,3756320749430,8222192334306,1758552064,9175040,44860214272,15465013248,31857598464,6734636902,6673095649,4284474997776,3937778328871
2014-10-20 08:11:42.099797,359,1413807102.13,3772340229660,8251283138023,1893326848,9220096,44881124352,15027695616,30760194048,6734646152,6673099469,4297491968008,3953936590641
2014-10-20 08:11:52.231487,369,1413807112.28,3784598684929,8275995615213,1940946944,9244672,45612575744,15620890624,31957127168,6756708065,6694989561,4309804890577,3966235796150
2014-10-20 08:12:02.391864,379,1413807122.43,3796368043422,8299393994186,2027528192,9285632,46110309376,15399452672,31485861888,6756718308,6694992447,4321430802727,3978109041193
2014-10-20 08:12:12.531307,389,1413807132.57,3812886223161,8331832414059,2139844608,9318400,46531951616,15746785280,32024711168,6779023291,6717174640,4337265487921,3994702123790
2014-10-20 08:12:22.670420,399,1413807142.71,3820052642919,8346033132556,2159988736,9359360,47291223040,15492206592,31904067584,6779031868,6717179356,4344207992143,4001948481311
2014-10-20 08:12:32.828707,410,1413807152.87,3834840302623,8376472743389,2242293760,9392128,47746100224,15646175232,31772037120,6795471026,6728464777,4359758395191,4016789380677
2014-10-20 08:12:42.999091,420,1413807163.04,3846389588334,8398077266757,2341941248,9428992,48368221184,15690899456,31927463936,6812087783,6739679116,4369745744122,4028501207322
2014-10-20 08:12:53.142328,430,1413807173.26,3863204989317,8431274071737,2407776256,9469952,48749739008,15648444416,31827746816,6817743224,6750750199,4386052131550,4045410865490
2014-10-20 08:13:03.369596,440,1413807183.41,3866650560383,8440842406196,2421059584,9502720,49944390656,15710076928,31734181888,6834353922,6767522050,4392106271104,4048815592385
2014-10-20 08:13:13.509958,450,1413807193.54,3870817756204,8451290211035,2479181824,9535488,50769292288,15803338752,32044519424,6834373933,6773154737,4398361355794,4053066151461
2014-10-20 08:13:23.642809,460,1413807203.67,3887200977795,8483059962582,2572443648,9576448,50775407616,15463866368,31257411584,6839961935,6773173422,4413634200482,4069578490053
2014-10-20 08:13:33.770618,470,1413807213.81,3899972805407,8508878887786,2647781376,16232448,51402390528,15567114240,31811649536,6856868722,6795499811,4426617339299,4082415812428
2014-10-20 08:13:43.902619,481,1413807223.94,3916706424352,8543193813658,2741972992,16269312,51431095296,15540424704,31671341056,6868014860,6806632434,4444141703364,4099234347222
2014-10-20 08:13:54.042496,491,1413807234.08,3923191429436,8554808122495,2749558784,16302080,52494642176,15662563328,31944372224,6890135592,6817896051,4449197369396,4105787081384
2014-10-20 08:14:04.184276,501,1413807244.24,3938321071478,8581587964972,2886848512,18632704,52763728896,15136993280,30717022208,6890146094,6817899492,4460779109093,4120925480933
2014-10-20 08:14:14.360344,511,1413807254.41,3949448369433,8606235344647,2934956032,18657280,53387869184,15712354304,32065015808,6912376564,6840412929,4474162867494,4132119598001
2014-10-20 08:14:24.529395,521,1413807264.57,3960375195175,8628657036409,3031322624,18690048,53958089728,15506432000,31572025344,6912383224,6840415667,4485600738095,4143152851429
2014-10-20 08:14:34.680001,531,1413807274.72,3969622967558,8646703180229,3045416960,18735104,54762781696,15438254080,31515500544,6929158077,6862559465,4494300569821,4152454787581
2014-10-20 08:14:44.834040,542,1413807284.89,3971317179586,8649499473814,3054903296,18771968,55963216896,15569903616,31655694336,6934830106,6862574180,4495370162249,4154187544688
2014-10-20 08:14:54.998762,552,1413807295.04,3986370707745,8679728422388,3182313472,18812928,56082136064,15166070784,31075586048,6934836969,6862576931,4510529993956,4169314918601
2014-10-20 08:15:05.149974,562,1413807305.2,4003697476713,8717050261252,3319422976,18845696,56273230848,15690805248,32109621248,6957132011,6884782336,4530445823839,4186813756871
2014-10-20 08:15:15.298404,572,1413807315.35,4016619764057,8744349836777,3326763008,18886656,56862514176,15077597184,30994825216,6957170575,6896050998,4544668254362,4199743394054
2014-10-20 08:15:25.446270,582,1413807325.5,4020376046536,8750267894292,3334594560,18919424,58080168960,15331037184,31253626880,6979378055,6907240516,4546776387202,4203547626948
2014-10-20 08:15:35.621807,592,1413807335.66,4032243566294,8774679295764,3465560064,18952192,58509741056,15662211072,32084746240,6979385039,6907242775,4559320678504,4215546204553
2014-10-20 08:15:45.755865,602,1413807345.79,4051040865731,8807709928986,3582226432,19001344,58511174656,15848345600,31933358080,7001738018,6918305812,4573450440333,4234468779747
2014-10-20 08:15:55.901625,613,1413807355.95,4064711967528,8840031204616,3622965248,19042304,58512927744,15373910016,31332491264,7001767583,6929293992,4592018683418,4248236850549
2014-10-20 08:16:06.058579,623,1413807366.25,4077562880368,8866426180420,3751653376,19075072,59152845824,15830700032,31962943488,7024250118,6951410670,4605424229303,4261074928186
2014-10-20 08:16:16.358999,633,1413807376.4,4082869102428,8875009437607,3758182400,19116032,60400536576,15689895936,31711096832,7024272725,6962456917,4608640081087,4266414723346
2014-10-20 08:16:26.517578,643,1413807386.55,4090024828824,8890367447137,3782238208,19140608,61157809152,15591993344,32067694592,7046501705,6962497829,4616842270949,4273715450030
2014-10-20 08:16:36.658367,653,1413807396.7,4105258715862,8920764595997,3904548864,19173376,61423762432,15756414976,31775125504,7046534014,6973657650,4631906778125,4288940027629
2014-10-20 08:16:46.790044,663,1413807406.83,4118132318327,8947361640413,3965120512,19214336,61956418560,15647178752,31994974208,7068761435,6984837471,4645578228658,4301982920799
2014-10-20 08:16:56.922027,674,1413807416.96,4132989632563,8979519117129,4050112512,19263488,62084983808,15171317760,31125598208,7068796262,7001581257,4662755691273,4316916095416
2014-10-20 08:17:07.058244,684,1413807427.1,4140970861714,8995827333355,4085063680,20099072,62999251968,15599788032,31986081792,7090985022,7018230272,4670975142683,4324896367027
2014-10-20 08:17:17.208718,694,1413807437.26,4142120986300,8997895618387,4093026304,20131840,64184372224,15655182336,32022777856,7090992398,7018232993,4671848600219,4326103752013
2014-10-20 08:17:27.389514,704,1413807447.43,4153139778347,9020631400319,4199661568,20164608,64390118400,15907151872,31871901696,7090997904,7018235087,4683550620574,4337263919544
2014-10-20 08:17:37.538481,714,1413807457.58,4165069326426,9050319118765,4256530432,20205568,64569019392,15426580480,31853355008,7102203265,7040358102,4701191900781,4349285507294
2014-10-20 08:17:47.697825,724,1413807467.73,4179384000570,9081822456513,4349026304,20447232,64643243008,15121506304,31714742272,7113314355,7051451445,4718309903855,4363684138618
2014-10-20 08:17:57.832451,735,1413807477.88,4187242851689,9098798326473,4352991232,20471808,65661004800,15420436480,32033783808,7135635705,7073726257,4727323784470,4371527219690
2014-10-20 08:18:07.998274,745,1413807488.05,4188520226639,9101595961417,4364886016,20504576,66835516416,15438823424,32053829632,7135645371,7073729094,4728801551279,4372854401995
2014-10-20 08:18:18.197602,755,1413807498.23,4204464608302,9134890510228,4495065088,20545536,66906356736,14978830336,31146479616,7135659521,7079355888,4746113765302,4388867145644
2014-10-20 08:18:28.317081,765,1413807508.36,4219899520024,9164078080223,4605825024,20639744,67174476800,15646605312,32091820032,7152291248,7096064420,4759793741026,4404456914362
2014-10-20 08:18:38.442238,775,1413807518.48,4236288902608,9198011192115,4716232704,20684800,67192634368,15260852224,31824887808,7163577783,7107082154,4777266579522,4420946410070
2014-10-20 08:18:48.588160,785,1413807528.63,4250161350384,9226272917539,4779343872,22953984,67832953856,15465144320,32020328448,7186115849,7129337474,4791550575762,4434826080581
2014-10-20 08:18:58.748196,795,1413807538.79,4250906501594,9229543882816,4780961792,22986752,69010959360,15350374400,32074321920,7191638385,7129350947,4793983071203,4435612329630
2014-10-20 08:19:08.918079,806,1413807548.95,4259263687357,9246214024821,4854153216,23040000,69596048384,15195295744,31800668160,7191647411,7129353451,4802251345792,4444060834691
2014-10-20 08:19:19.038156,816,1413807559.08,4272399579712,9271450453247,4905955328,23089152,70052203520,15390777344,31890096128,7202794563,7151640547,4814329543844,4457315980852
2014-10-20 08:19:29.187014,826,1413807569.22,4288618490245,9302061430358,5021290496,23760896,70247459840,15301828608,31231852544,7213928972,7151671381,4828598737659,4473619684168
2014-10-20 08:19:39.327014,836,1413807579.37,4306211743242,9336997424857,5128626176,23793664,70486248448,15547437056,32067686400,7230362325,7174056160,4845765184099,4491296625192
2014-10-20 08:19:49.467731,846,1413807589.52,4310216209609,9345351755828,5137092608,23830528,71659445248,15198957568,31393755136,7241400294,7174074801,4850125468758,4495319343264
2014-10-20 08:19:59.612350,856,1413807599.64,4314231353547,9352144747157,5142188032,23867392,72751750144,15187746816,31447982080,7247006095,7185305468,4852876654421,4499438058110
2014-10-20 08:20:09.743701,866,1413807609.79,4332003850587,9385366064921,5253480448,23904256,72853621760,15402160128,31809593344,7255017950,7185325543,4868156225156,4517309675128
2014-10-20 08:20:19.897507,877,1413807619.94,4346733692944,9416680999587,5365612544,23945216,73290222592,15461007360,32076103680,7266856904,7204514220,4884752869696,4532118741756
2014-10-20 08:20:30.041367,887,1413807630.08,4359770507867,9442593103725,5419720704,23977984,73481526272,15429328896,31892955136,7278991434,7220189468,4897484980815,4545254736034
2014-10-20 08:20:40.197408,897,1413807640.25,4370896650957,9464363091426,5481545728,24608768,74211294208,14853480448,30644346880,7287053811,7220213822,4907992555927,4556412805559
2014-10-20 08:20:50.357258,907,1413807650.39,4387776225355,9500080218973,5581131776,24633344,74413636608,15524511744,32081489920,7302837610,7236225987,4926839889676,4573462024904
2014-10-20 08:21:00.506388,917,1413807660.55,4398563158286,9521408671535,5595316224,24690688,75111578624,15384154112,31607140352,7306960528,7252173484,4937304713722,4584318736619
2014-10-20 08:21:10.666362,927,1413807670.83,4401765997089,9528879854443,5617336320,24715264,76178934784,15419834368,31818031104,7318842072,7252197394,4941455127304,4587511806521
2014-10-20 08:21:20.939178,938,1413807680.98,4408395131454,9542212605904,5698555904,24748032,76977630208,15540371456,32087896064,7318847655,7252199555,4948163357903,4594234780384
2014-10-20 08:21:31.082977,948,1413807691.13,4427214643627,9573057671635,5798453248,25001984,76978990080,15851528192,31921352704,7331761478,7256521707,4960082620475,4613160807875
2014-10-20 08:21:41.226423,958,1413807701.26,4440887457943,9602560338445,5865492480,25391104,77098515456,15846875136,31962759168,7334840109,7268156516,4975804975265,4626904365886
2014-10-20 08:21:51.356784,968,1413807711.4,4448757462451,9617437200622,5896429568,25440256,78221171712,15296393216,31276728320,7350811491,7284234182,4982706294605,4634780315437
2014-10-20 08:22:01.516044,978,1413807721.56,4462065849538,9642394286898,5997195264,25464832,78508051456,15841046528,32066879488,7366622035,7284269246,4994253863246,4648250189089
2014-10-20 08:22:11.666634,988,1413807731.7,4477334836090,9674454818002,6047203328,25513984,78509534208,15370342400,31826894848,7374693710,7300070763,5011041129132,4663528652423
2014-10-20 08:22:21.804836,999,1413807741.85,4484491412965,9689244779418,6154780672,25538560,78891740160,15631745024,31402934272,7390707933,7304865290,5018577628396,4670804180667
2014-10-20 08:22:31.946951,1009,1413807752.0,4493142518739,9707378874415,6316748800,25563136,78970276864,15746998272,31742488576,7416030174,7353850746,5027961592087,4679455783585
2014-10-20 08:22:42.094827,1019,1413807762.14,4496690267265,9713861717681,6382399488,25579520,79842110464,15799808000,31871545344,7437152287,7368662419,5030865286800,4683090016017
2014-10-20 08:22:52.246240,1029,1413807772.28,4504207772634,9728271842137,6467379200,25595904,80315075584,15756361728,31805554688,7473691825,7400347994,5037764981294,4690692248821
2014-10-20 08:23:02.385465,1039,1413807782.44,4507955290998,9735882467035,6493724672,25612288,81403681792,15822716928,31941165056,7494535158,7419330576,5041528271045,4694408761395
2014-10-20 08:23:12.544511,1049,1413807792.59,4526371557974,9772631868229,6605135872,25628672,81443990528,15874056192,32061222912,7585647549,7507349233,5059847157069,4713003004989
2014-10-20 08:23:22.705274,1059,1413807802.74,4544983377087,9810351119195,6717849600,25645056,81579805696,15857963008,32067534848,7676372317,7599588892,5078858347457,4731662719608
2014-10-20 08:23:32.845970,1070,1413807812.87,4559175136411,9839115044173,6808481792,25661440,81986423808,15849562112,32072368128,7745850518,7669749991,5093361889510,4745938482361
2014-10-20 08:23:42.985639,1080,1413807823.03,4578238223728,9877121869805,6940090368,25677824,81986739200,14935568384,29965344768,7842973343,7759381385,5112187987328,4765047926078
2014-10-20 08:23:53.135046,1090,1413807833.17,4588992858447,9899705483409,7013523456,25706496,82528828416,14919323648,30244528128,7904408002,7792985513,5123970236964,4775888476380
2014-10-20 08:24:03.265413,1100,1413807843.3,4607420259894,9936928863092,7230427136,25722880,82740743168,15444750336,31259127808,8016940944,7882314020,5142685392716,4794387275089
2014-10-20 08:24:13.414810,1110,1413807853.46,4624368710906,9970425027501,7422775296,25739264,83012336640,14821576704,30074355712,8114512665,7966649599,5159170865857,4811360534639
2014-10-20 08:24:23.594784,1120,1413807863.64,4642360753828,10007245712321,7626465280,25759744,83225721856,15122464768,30651363328,8210762463,8072879821,5177981853650,4829488162622
2014-10-20 08:24:33.793682,1130,1413807873.84,4662529173466,10047203310499,7762681856,25776128,83507649536,15685963776,31988256768,8489729225,8191583486,5197667698883,4849703101948
2014-10-20 08:24:43.937115,1141,1413807883.98,4682702461641,10087739558709,7964160000,25792512,83885009920,15751315456,32100913152,8591662433,8285581645,5217999883573,4869950431399
2014-10-20 08:24:54.085453,1151,1413807894.13,4702750478528,10127639033753,8114888704,25808896,84344359936,15730016256,32106729472,8647281455,8385345818,5237774049478,4890082824033
2014-10-20 08:25:04.234459,1161,1413807904.27,4721323916756,10166274739423,8234508288,25825280,84804746240,15045464064,31639646208,8737274513,8482695009,5257736000391,4908757972997
2014-10-20 08:25:14.395041,1171,1413807914.43,4740953818339,10205314241390,8250961920,25841664,85410667520,15200186368,31962492928,8919808516,8563913947,5277064421741,4928435089719
2014-10-20 08:25:24.531116,1181,1413807924.57,4761163814998,10245441088333,8372183040,25858048,85593881600,15483338752,32105234432,8962011666,8920052334,5296893349047,4948748540932
2014-10-20 08:25:34.662313,1191,1413807934.7,4780855746910,10284679423723,8422973440,25874432,86190599168,15585943552,31940104192,8963054957,9129396816,5316327051039,4968538543998
2014-10-20 08:25:44.805901,1202,1413807944.84,4800622111514,10319351459239,8558411776,25890816,86405037056,16005062656,31440269312,8996938454,9318170504,5331126299771,4988366342796
2014-10-20 08:25:54.944602,1212,1413807955.18,4820815852268,10356989762664,8572936192,25907200,87091325952,16173920256,31930175488,9117587433,9465458472,5348539990425,5008627685718
2014-10-20 08:26:05.284003,1222,1413807965.32,4839932463331,10396142779567,8573382656,25923584,87721036800,16193437696,32096014336,9269983586,9554107613,5368539043590,5027820871806
2014-10-20 08:26:15.422018,1232,1413807975.45,4859206583978,10435776235110,8594599936,25939968,88057940992,16090890240,32085286912,9464487231,9624839255,5388808473787,5047124367563
2014-10-20 08:26:25.546705,1242,1413807985.59,4878945001841,10475720350936,8602849280,25956352,88632519680,16025530368,31276957696,9687762558,9651471835,5408958971716,5066946689838
2014-10-20 08:26:35.694854,1252,1413807995.73,4897813126163,10507361696460,8603619328,25972736,89242074112,16158269440,31453433856,9878527165,9676789915,5421650956294,5085880954814
2014-10-20 08:26:45.834451,1263,1413808005.87,4912809805342,10542456593632,8700874752,25997312,89666452480,15064715264,30873247744,10047954245,9704700154,5441693094521,5100952413100
2014-10-20 08:26:55.974791,1273,1413808016.01,4928135222032,10577201768404,8875806720,26009600,90071628800,15581392896,31874899968,10196418244,9788214915,5461013624013,5116322510196
2014-10-20 08:27:06.113505,1283,1413808026.16,4945738388398,10612428233149,8967950336,26034176,90639715328,14652194816,31214194688,10255543723,9871346757,5478611935090,5134002663861
2014-10-20 08:27:16.264306,1293,1413808036.3,4963934286229,10649835227136,9183244288,26050560,90868489216,15126454272,31933149184,10303669236,10015990217,5497756623444,5152257884327
2014-10-20 08:27:26.410229,1303,1413808046.45,4983642805277,10686267546234,9358086144,26066944,91444001792,15322812416,32093425664,10432478595,10118408285,5514392638175,5172047109195
2014-10-20 08:27:36.593267,1313,1413808056.63,5003943157293,10724767590335,9470865408,26087424,91763969024,15404658688,32103165952,10532943750,10280173340,5532557283352,5192412046194
2014-10-20 08:27:46.734021,1323,1413808066.77,5024153592250,10764780856581,9529266176,26099712,92140710912,15582949376,32110645248,10534159675,10600776956,5552244897363,5212698230889
2014-10-20 08:27:56.873153,1334,1413808076.92,5043631204668,10798875252179,9645793280,26120192,92459031552,15922966528,31352750080,10545045639,10868943097,5566762814260,5232258498017
2014-10-20 08:28:07.023946,1344,1413808087.07,5063126849138,10831305301294,9646161920,26136576,93060901888,16204550144,31584231424,10579920211,11025901010,5579697758580,5251827637702
2014-10-20 08:28:17.183794,1354,1413808097.23,5082154252549,10870494917849,9745743872,26152960,93347118080,16325160960,32106856448,10747964172,11106637988,5599801825834,5270910770490
2014-10-20 08:28:27.342880,1364,1413808107.37,5095731401168,10901043153801,9774415872,26169344,94262017024,16326508544,32117252096,10853927267,11122402856,5616694868819,5284517025001
2014-10-20 08:28:37.473630,1374,1413808117.52,5115776407745,10941617286980,9889431552,26185728,94585441280,16188121088,32119627776,11071069379,11154092555,5637160818093,5304628119407
2014-10-20 08:28:47.615735,1384,1413808127.66,5134833776667,10980830567327,9967558656,26202112,95130930176,16170909696,31456530432,11256790846,11171239270,5657264358934,5323741023963
2014-10-20 08:28:57.763480,1394,1413808137.8,5152718706923,11016709086295,10016952320,26226688,95237901312,15053733888,30541176832,11555459207,11172674428,5675145186104,5341716840845
2014-10-20 08:29:07.901734,1405,1413808147.95,5164182699869,11046477201222,10106384384,26247168,95785434112,14165110784,30118039552,11651043303,11227326944,5693419028529,5353270122270
2014-10-20 08:29:18.052492,1415,1413808158.1,5182242726194,11084605480601,10319114240,26259456,96150658048,14781030400,31112327168,11750675903,11386426387,5713432266539,5371389141401
2014-10-20 08:29:28.213644,1425,1413808168.25,5202390734685,11124618695335,10459230208,26275840,96703020032,14986747904,31387721728,11808040069,11513843386,5733234922819,5391585164148
2014-10-20 08:29:38.362345,1435,1413808178.4,5222345456133,11164815761947,10639974400,26292224,97004293120,15243051008,31808974848,11874607518,11666039014,5753373901640,5411588491876
2014-10-20 08:29:48.492627,1445,1413808188.54,5242343389005,11205314987058,10810105856,26308608,97517227008,15431331840,32064131072,11932251006,11802186237,5773824937870,5431652944019
2014-10-20 08:29:58.642743,1455,1413808198.68,5262103880866,11245309487094,11007422464,26324992,97705851904,15507808256,32126328832,12069148479,11998200415,5794022954597,5451486189799
2014-10-20 08:30:08.779213,1465,1413808208.83,5282048445951,11281067670683,11056320512,26341376,98312735744,15746756608,31158583296,12105677284,12087294887,5809778431299,5471491046398
2014-10-20 08:30:18.936798,1476,1413808218.98,5300963671038,11316826379264,11187400704,26357760,98595408896,16141303808,31959715840,12175387990,12311156076,5826536287101,5490458818204
2014-10-20 08:30:29.082485,1486,1413808230.39,5323397410581,11361069567060,11249774592,26382336,99308911616,16307695616,32142733312,12256128256,12480681651,5848289759674,5513000526126
2014-10-20 08:30:40.501850,1497,1413808240.54,5342243404352,11400327118882,11361841152,26398720,99666381824,16208412672,32131706880,12458263088,12553519346,5868607383739,5531889650307
2014-10-20 08:30:50.633541,1507,1413808250.68,5361826026424,11440001288385,11421040640,26415104,100082883584,16098058240,32139202560,12623889027,12582209808,5888640003243,5551565363814
2014-10-20 08:31:00.784688,1517,1413808260.82,5380846113930,11478597572448,11490754560,26431488,100685712384,16051716096,32144928768,12793303180,12617608501,5908157124053,5570622981999
2014-10-20 08:31:10.915555,1528,1413808270.96,5400048641789,11517496821050,11538608128,26447872,101133835264,15958802432,32131538944,13031323335,12653393671,5927793735048,5589888258060
2014-10-20 08:31:21.062071,1538,1413808281.09,5414168155639,11547966920336,11538739200,26468352,101635095552,14907023360,30308118528,13137562561,12728725480,5944012690775,5604046259199
2014-10-20 08:31:31.180849,1548,1413808291.22,5428198403244,11575083481546,11669925888,26484736,101817793536,14304501760,29714382848,13155530273,12885883877,5957059871412,5618173977456
2014-10-20 08:31:41.322041,1558,1413808301.36,5447130906027,11613858754880,11824529408,26501120,102331395072,14821789696,30689988608,13207725247,13006311462,5976867419156,5637188212712
2014-10-20 08:31:51.457195,1568,1413808311.49,5466929725562,11653341521632,12021579776,26517504,102695316480,15271084032,31556194304,13268902794,13143751353,5996480478517,5657045755889
2014-10-20 08:32:01.602046,1578,1413808321.65,5486606929209,11692190904303,12225744896,26533888,103019613184,15679635456,32138805248,13339634395,13324385850,6015601321596,5676776265572
2014-10-20 08:32:11.738158,1588,1413808331.78,5506250910420,11732228514800,12449452032,26550272,103206505472,15651373056,32128868352,13420708516,13509138393,6035930916019,5696478411037
2014-10-20 08:32:21.881920,1599,1413808341.92,5526309230183,11769797068710,12576948224,26570752,103626075136,15547207680,31272759296,13535425039,13577755122,6053368847858,5716605767893
2014-10-20 08:32:32.031801,1609,1413808352.08,5542597967751,11801225180800,12634693632,26587136,104024423424,15465545728,31289278464,13735667918,13650316971,6068443998752,5732967039852
2014-10-20 08:32:42.180907,1619,1413808362.22,5557328065444,11836031330928,12749774848,26603520,104396143616,15748788224,31956033536,13847823198,13713668357,6088454554244,5747728344354
2014-10-20 08:32:52.322086,1629,1413808372.37,5577160497727,11875968365899,12962504704,26619904,104862362624,15904935936,32149643264,13983473528,13794381404,6108526894013,5767656088304
2014-10-20 08:33:02.481633,1639,1413808382.51,5597067334033,11915781545856,13126651904,26636288,105321466880,15893352448,32143544320,14080000682,13882014777,6128329282931,5787628606881
2014-10-20 08:33:12.621499,1649,1413808392.97,5617866585411,11957386730421,13341896704,26652672,105504132096,15844974592,32127803392,14224343237,13979749995,6149048304437,5808503744431
2014-10-20 08:33:23.081440,1660,1413808403.12,5636537666350,11994649624503,13428469760,26669056,106151267328,15875387392,32138080256,14348789021,14041047839,6167580794098,5827285016616
2014-10-20 08:33:33.227547,1670,1413808413.27,5656688000153,12034017238123,13428469760,26693632,106339548160,15893037056,32152924160,14440081770,14315823453,6186651850466,5847546319726
2014-10-20 08:33:56.451384,1693,1413808436.49,5692093083088,12106604505937,13503283200,26734592,107643730944,15369674752,30861987840,14607888146,14574613742,6223677980900,5883131923521
2014-10-20 08:34:06.590659,1703,1413808446.63,5711634180465,12146372991569,13643923456,26750976,108076780544,15706054656,31678869504,14775768718,14698391015,6243819260801,5902739258585
2014-10-20 08:34:18.358090,1715,1413808458.4,5734361593072,12192453584906,13796315136,26771456,108348296192,15889465344,32136613888,14919674865,14826942463,6267094916064,5925543681612
2014-10-20 08:34:28.510784,1725,1413808468.55,5754142549370,12232001038861,13944414208,26787840,108717186048,15829381120,32138285056,15030361739,14927012923,6286770896968,5945384446992
2014-10-20 08:34:38.650914,1735,1413808478.7,5771803622136,12268129080152,13984559104,26804224,109351410688,15887974400,32145149952,15212967330,15137807674,6305109207063,5963077071823
2014-10-20 08:34:48.820754,1746,1413808488.86,5788473741369,12298223526755,13984591872,26820608,109769546752,15074988032,30338920448,15306917658,15197286533,6318497919563,5979869647371
2014-10-20 08:34:58.960695,1756,1413808499.09,5803199699012,12328289103463,14058414080,26841088,110201654272,15133167616,30825164800,15424412141,15254868019,6333747655185,5994715843204
2014-10-20 08:35:09.198946,1766,1413808509.23,5822913519763,12368187011113,14143086592,26857472,110931594240,15315714048,31198560256,15490869642,15346749869,6353879286256,6014488116805
2014-10-20 08:35:19.340581,1776,1413808519.38,5842849608311,12407926938698,14323441664,26873856,111093529600,15505989632,31671324672,15608474793,15458865960,6373637450642,6034490592271
2014-10-20 08:35:29.492556,1786,1413808529.53,5862699957100,12448111337706,14490427392,26890240,111458520064,15735050240,32148221952,15742557363,15559458830,6393896710014,6054424709961
2014-10-20 08:35:39.649551,1796,1413808539.69,5882649584617,12488347337939,14652039168,26906624,111703460864,15778254848,32136863744,15853872489,15661923692,6414087497138,6074444153609
2014-10-20 08:35:49.789414,1806,1413808549.83,5901438811641,12525482024912,14813421568,26931200,112289438720,14980169728,31597383680,16036633437,15782953617,6432334607385,6093292520220
2014-10-20 08:35:59.942335,1817,1413808559.98,5914720063595,12552347714285,14864236544,26943488,112571661312,15335907328,30949232640,16054124880,15998900088,6445878907343,6106675043013
2014-10-20 08:36:10.076583,1827,1413808570.12,5934457315028,12585663466292,14943141888,26959872,113160674304,15776747520,31631040512,16086665894,16133302798,6459394332686,6126464848125
2014-10-20 08:36:20.230098,1837,1413808580.27,5954146099031,12625662138037,15129264128,26976256,113435757568,15998631936,32154820608,16209732225,16226880634,6479633925562,6146210894478
2014-10-20 08:36:30.369582,1847,1413808590.41,5973689222346,12665247997077,15260246016,26992640,113986255872,15985582080,32155017216,16297903507,16328713675,6499607107235,6165827269992
2014-10-20 08:36:40.519856,1857,1413808600.55,5993380164046,12704284749215,15429083136,27009024,114304711680,15965069312,32145727488,16387550388,16470652213,6518855958611,6185588947387
2014-10-20 08:36:50.648923,1867,1413808610.69,6011360038030,12742387212257,15490228224,27025408,114717101056,16005091328,32155574272,16484296059,16627761782,6538917609572,6203666629019
2014-10-20 08:37:00.808865,1878,1413808620.85,6030147473634,12781541295792,15623307264,27041792,115041864704,15907172352,32146055168,16716114142,16649045488,6559227760186,6222498629308
2014-10-20 08:37:10.959125,1888,1413808630.99,6046528956323,12813530760541,15650467840,27066368,115710032896,15002783744,30422605824,16933611172,16697384687,6574780433692,6238920432171
2014-10-20 08:37:21.111223,1898,1413808641.15,6059822562347,12841322987863,15714197504,27078656,116129799168,15100657664,30547451904,16996990097,16780685734,6589175293837,6252316058905
2014-10-20 08:37:31.258693,1908,1413808651.29,6079676863727,12880749537879,15870435328,27095040,116511611904,15576399872,31535398912,17106673884,16894734592,6608681094553,6272200366861
2014-10-20 08:37:41.373337,1918,1413808661.41,6099364071260,12920215040505,16022740992,27111424,117014170624,15695626240,31816650752,17200964556,16972516155,6628437350119,6291956557138
2014-10-20 08:37:51.518477,1928,1413808671.56,6118679055988,12959870097057,16163119104,27136000,117285944320,14860476416,31106867200,17250716123,17090970869,6648730657705,6311356601720
2014-10-20 08:38:01.678433,1938,1413808681.72,6136713206197,12997731864049,16322990080,27152384,117474343936,15293014016,31976247296,17313317192,17239550828,6668449417087,6329420875350
2014-10-20 08:38:11.813193,1949,1413808692.07,6156716058921,13037140626575,16400977920,27168768,118112570368,15667523584,31571746816,17346020438,17348358499,6687826799449,6349526261248
2014-10-20 08:38:22.177390,1959,1413808702.22,6176726310331,13072812623633,16552251392,27185152,118369037312,15921459200,31800840192,17413961090,17549058913,6703400142927,6369589096319
2014-10-20 08:38:32.339009,1969,1413808712.38,6195220477039,13110168814681,16740622336,27201536,118842088448,16120901632,32158449664,17605404419,17619105855,6722234416278,6388119695611
2014-10-20 08:38:42.488079,1979,1413808722.53,6214829423651,13149512010815,16881524736,27217920,119223229440,16087449600,32146288640,17750047477,17709496383,6741909870771,6407771244065
2014-10-20 08:38:52.638837,1989,1413808732.68,6234575655972,13189501995392,17068163072,27234304,119499701248,16061239296,32152252416,17880341659,17814182267,6762068118022,6427615305687
2014-10-20 08:39:02.787106,1999,1413808742.82,6254573737660,13229628691166,17197920256,27250688,119782280192,16026865664,32152543232,18018846571,17966162141,6782107760513,6447707999102
2014-10-20 08:39:12.929653,2010,1413808752.97,6273433211792,13268606912518,17302503424,27267072,120195398656,15919263744,32160837632,18208117337,18011751841,6802172391731,6466627278191
2014-10-20 08:39:23.077815,2020,1413808763.12,6292472551890,13304619680650,17330114560,27283456,120842341376,15847440384,32146403328,18438255473,18064390259,6819070968966,6485719949542
2014-10-20 08:39:33.227679,2030,1413808773.27,6312386406407,13345151940341,17330114560,27299840,121345453056,14924132352,31234228224,18533437880,18163074475,6839574663923,6505743690679
2014-10-20 08:39:43.377638,2040,1413808783.41,6324982977697,13377251048019,17330200576,27320320,122020772864,14905270272,31369469952,18580969441,18274632474,6859022395276,6518407534445
2014-10-20 08:39:53.528395,2050,1413808793.57,6343039593361,13410136509589,17435451392,27336704,122455198720,15406624768,31151456256,18616669145,18448874248,6873748688386,6536544668243
2014-10-20 08:40:03.707610,2060,1413808803.76,6362675900125,13444903551917,17572421632,27353088,122810743808,15859073024,31721402368,18668815579,18597117013,6888863717027,6556240869899
2014-10-20 08:40:13.867425,2071,1413808813.91,6381020821652,13483652121719,17708605440,27369472,123074063360,15269498880,31482109952,18745789974,18723250307,6909175528793,6574622136735
2014-10-20 08:40:24.008145,2081,1413808824.04,6398115761008,13518185699793,17884897280,27389952,123410127872,15410286592,30830649344,18816122331,18817851271,6926552111890,6591816601468
2014-10-20 08:40:34.157243,2091,1413808834.2,6418179593085,13556310631318,18060075008,27406336,123605072896,15894302720,31681671168,18897198284,18953126916,6944540166118,6611933805985
2014-10-20 08:40:44.297564,2101,1413808844.34,6438190520716,13596649042974,18210676736,27422720,123970808832,16164675584,32157208576,18981452058,19063928133,6964821452724,6632010700090
2014-10-20 08:40:54.466600,2111,1413808854.5,6456269098073,13634998622502,18397847552,27439104,124408585216,16106442752,32167182336,19104698015,19132639575,6985056070579,6650122775063
2014-10-20 08:41:04.617017,2121,1413808864.66,6476353966392,13675515483856,18646360064,27455488,124524870656,16092385280,32152252416,19296582710,19214324567,7005381782568,6670298804334
2014-10-20 08:41:14.757770,2131,1413808874.8,6495923025805,13715530424582,18818797568,27471872,125175389184,16030830592,32142266368,19418356126,19264550898,7025789697912,6689957522183
2014-10-20 08:41:24.904031,2142,1413808884.94,6515563184804,13754048576751,18944393216,27488256,125828377600,15997734912,32145899520,19612699801,19314418021,7044553254775,6709658073935
2014-10-20 08:41:35.057645,2152,1413808895.1,6535414326306,13793824157700,19080626176,27508736,126225202176,15989944320,32145461248,19786531336,19435646289,7064474786661,6729565341189
2014-10-20 08:41:45.203869,2162,1413808905.24,6555302851311,13833236135550,19088244736,27525120,126733184000,15924375552,32162459648,19955303145,19536664188,7083930072002,6749528808952
2014-10-20 08:41:55.357883,2172,1413808915.39,6575224920877,13873793149417,19088244736,27541504,127201602560,14908956672,31149903872,20049146269,19637470109,7104447842839,6769498919574
2014-10-20 08:42:05.507213,2182,1413808925.54,6587915413308,13906814383511,19090358272,27561984,127562873856,14887723008,31292706816,20095383334,19757153356,7124727300398,6782255541825
2014-10-20 08:42:15.646447,2192,1413808935.69,6604493939057,13943118356740,19156664320,27578368,128390466560,15281123328,31890817024,20129641848,19929951957,7144378709065,6798927160749
2014-10-20 08:42:25.786321,2202,1413808945.83,6624596935890,13977260359399,19256410112,27594752,128767630336,15672295424,31263014912,20163112958,20073665768,7158334030361,6819078891286
2014-10-20 08:42:35.926302,2213,1413808955.97,6644219882492,14009378225038,19409190912,27611136,129038953472,16148107264,31160266752,20239613246,20212161688,7170797955679,6838766129455
2014-10-20 08:42:46.065390,2223,1413808966.11,6662239368657,14045155869015,19554664448,27627520,129415646208,15523586048,30728224768,20314101150,20286075127,7188496743174,6856815225291
2014-10-20 08:42:56.217015,2233,1413808976.25,6678951405937,14081756644289,19700633600,27648000,129785519104,15712976896,31348940800,20410682974,20338801769,7208321300343,6873605872665
2014-10-20 08:43:06.382951,2243,1413808986.42,6698830553123,14121658678255,19854249984,27664384,130004188160,15931523072,31839662080,20532216282,20497748357,7228279163127,6893538311873
2014-10-20 08:43:16.556233,2253,1413808996.59,6717817696162,14160300267270,20031922176,27680768,130381020160,16053956608,32156934144,20641796537,20596446074,7247901260732,6912602560677
2014-10-20 08:43:26.706488,2263,1413809006.74,6737649862638,14199937671031,20293545984,27697152,130689104896,16049229824,32142950400,20832342475,20663747011,7267600786135,6932479749199
2014-10-20 08:43:36.835853,2274,1413809016.87,6757442000531,14239941041700,20486434816,27713536,131029363712,15939309568,32137072640,21002742648,20731931656,7287792454846,6952369549692
2014-10-20 08:43:46.995732,2284,1413809027.04,6777168621438,14280071994524,20681117696,27729920,131515083776,15979368448,32147677184,21204390623,20795877904,7308110581276,6972165467817
2014-10-20 08:43:57.155699,2294,1413809037.18,6794966013557,14318092142859,20796637184,27746304,132124732416,15900434432,32140546048,21384738549,20843039804,7328267569982,6990009810890
2014-10-20 08:44:07.285616,2304,1413809047.33,6814997276381,14357059960981,20796641280,27762688,132786306048,15937482752,32164012032,21460196747,20970953674,7347152187380,7010096611206
2014-10-20 08:44:17.436380,2314,1413809057.47,6835191663704,14397676466457,20796641280,27779072,132974939136,15965409280,32149864448,21526117506,21170488211,7367517701612,7030327265892
2014-10-20 08:44:27.565368,2324,1413809067.6,6852644344289,14434883975952,20796755968,27795456,133667814400,15069503488,31297044480,21610058133,21270581440,7387209593288,7047799665520
2014-10-20 08:44:37.695386,2334,1413809077.73,6866285663748,14468376803868,20811509760,27820032,133929364480,15065059328,31474876416,21659234486,21402446864,7407001762931,7061546277095
2014-10-20 08:44:47.825788,2345,1413809087.87,6886417923324,14503838981421,20914925568,27836416,134503873536,15683395584,31106854912,21689652382,21579990430,7422249676134,7081738402496
2014-10-20 08:44:57.975865,2355,1413809098.02,6906549838655,14535386057136,21057269760,27852800,134667807744,16031125504,30712930304,21761495259,21680558786,7433631027596,7101957148077
2014-10-20 08:45:08.135130,2365,1413809108.17,6926671243102,14574266523546,21204316160,27869184,135045422080,16308023296,31484555264,21880551991,21732791903,7452324317807,7122159411714
2014-10-20 08:45:18.285875,2375,1413809118.33,6944157583043,14611898171679,21361733632,27885568,135475112960,15560036352,31140511744,21998453715,21807949518,7472384911698,7139662126413
2014-10-20 08:45:28.445798,2385,1413809128.49,6959852829177,14647130349491,21567774720,27906048,135578201088,15697616896,31684796416,22141864289,21867010363,7491878739118,7155410630838
2014-10-20 08:45:38.592039,2395,1413809138.63,6979520223051,14687026143802,21703929856,27922432,135958862848,15870160896,32145334272,22249427889,21971628432,7512043298248,7175170896568
2014-10-20 08:45:48.731971,2405,1413809148.77,6998301579666,14725920289320,21872848896,27938816,136236502016,15843606528,32151072768,22383118393,22045083330,7532098680523,7194026880063
2014-10-20 08:45:58.885946,2416,1413809158.93,7018097312751,14766112186113,22027128832,27955200,136707132416,15785447424,32144879616,22516921399,22095560696,7552420452625,7213900763362
2014-10-20 08:46:09.044685,2426,1413809169.09,7037846528006,14806038947845,22192488448,27971584,137264995328,15773114368,32140058624,22671515376,22157964320,7572518335430,7233726683363
2014-10-20 08:46:19.195014,2436,1413809179.23,7057884403701,14846485548895,22404849664,27987968,137683110912,15806414848,32154849280,22950429983,22236153717,7592833586005,7253870555248
2014-10-20 08:46:29.347429,2446,1413809189.38,7077261148560,14885230655003,22538964992,28004352,138057718784,15889649664,32147279872,23017427444,22400962242,7612124064277,7273311254225
2014-10-20 08:46:39.495059,2456,1413809199.53,7097402645454,14925772276254,22571065344,28020736,138473176064,15969648640,32142450688,23050607966,22651081622,7632409483582,7293496947514
2014-10-20 08:46:49.613494,2466,1413809209.65,7115321319547,14963306466725,22580506624,28037120,139194678272,16007757824,32139620352,23128717169,22773217888,7651984628174,7311491325875
2014-10-20 08:46:59.745097,2476,1413809219.78,7131349912944,14999418844480,22585589760,28057600,139439946752,15021158400,31272706048,23190710343,22879819550,7672013365340,7327541881601
2014-10-20 08:47:09.884974,2487,1413809229.92,7147646099706,15034646785175,22664232960,28073984,140056079360,15520751616,31032066048,23232886596,23039405034,7690878938212,7343958356182
2014-10-20 08:47:20.034143,2497,1413809240.07,7167395808250,15062160680119,22796353536,28090368,140458765312,15917453312,30493941760,23267862779,23191203502,7698508369641,7363768133264
2014-10-20 08:47:30.166001,2507,1413809250.21,7187225517411,15100499476744,22983585792,28106752,140835478528,16277786624,31322423296,23432528278,23248102492,7717006766418,7383675393596
2014-10-20 08:47:40.313545,2517,1413809260.35,7207279105268,15139988167874,23159877632,28123136,140943084544,16480186368,31858077696,23589163758,23315641190,7736388960333,7403786903559
2014-10-20 08:47:50.453055,2527,1413809270.5,7223106656741,15176203777893,23294857216,28139520,141350439936,15741681664,31391719424,23677964008,23376305355,7756714402064,7419667809391
2014-10-20 08:48:00.604640,2537,1413809280.64,7240202043943,15213461955405,23438454784,28164096,141721553920,15870480384,31914532864,23793861575,23471582637,7776800764880,7436826712743
2014-10-20 08:48:10.744951,2547,1413809290.79,7258516913817,15251933856673,23588794368,28180480,142015626240,16023642112,32150454272,23889408878,23554070409,7796918193583,7455233441822
2014-10-20 08:48:20.902730,2558,1413809300.94,7278363030139,15292187300477,23747743744,28196864,142380444672,15959494656,32144076800,24035692521,23602097998,7817275456170,7475134577580
2014-10-20 08:48:31.053433,2568,1413809311.1,7298134967839,15332244950759,23948374016,28213248,142654639104,15944982528,32141365248,24223297107,23666050481,7837471581797,7494942511496
2014-10-20 08:48:41.186884,2578,1413809321.22,7317135751712,15371088011175,24068730880,28229632,143219915776,15947571200,32149610496,24383182308,23736759590,7857243097188,7513973971689
2014-10-20 08:48:51.313799,2588,1413809331.35,7335983074293,15409791042220,24176242688,28246016,143826926592,15908737024,32136896512,24464207604,23829534223,7877035467016,7532919479213
2014-10-20 08:49:01.456259,2598,1413809341.49,7355446124098,15448297040561,24309788672,28262400,144008985600,15974051840,32142344192,24599977884,24034116014,7895995417984,7552456990401
2014-10-20 08:49:11.582344,2608,1413809351.62,7372758769256,15483994724295,24309788672,28278784,144667700224,16044675072,32127553536,24639731458,24195304633,7914290501950,7569797786389
2014-10-20 08:49:21.722868,2618,1413809361.77,7391915845715,15522479826492,24309788672,28295168,145156783104,16038592512,32123334656,24732473914,24289596405,7933578210862,7589056949466
2014-10-20 08:49:31.863144,2629,1413809371.9,7406409536972,15557455818063,24311885824,28319744,145447009280,14942658560,31156301824,24792821242,24405464363,7954018985544,7603602912868
2014-10-20 08:49:42.042381,2639,1413809382.08,7421394500098,15588332778229,24381136896,28336128,146016123904,15453487104,30679441408,24839660232,24549251103,7969846440189,7618687129061
2014-10-20 08:49:52.174414,2649,1413809392.21,7441287878216,15621235498731,24493789184,28352512,146392505344,15762690048,30480719872,24932634605,24651738410,7982790784309,7638638527927
2014-10-20 08:50:02.313685,2659,1413809402.35,7460047595972,15659798195661,24563519488,28368896,146769562624,16059490304,30972477440,25123177756,24769510164,8002505470574,7657445885939
2014-10-20 08:50:12.454144,2669,1413809412.5,7480053256210,15698838725708,24660525056,28385280,147088100352,15360618496,30650937344,25304539338,24915991323,8021471123154,7677527549216
2014-10-20 08:50:22.652706,2679,1413809422.71,7495719756646,15729476402522,24733192192,28405760,147200564224,15424892928,31053484032,25473185496,25024572563,8036364169746,7693267804602
2014-10-20 08:50:32.819031,2690,1413809432.88,7506373708835,15751133192842,24733192192,28413952,147831581696,15563042816,31338512384,25542436340,25094343188,8047266137446,7703928649906
2014-10-20 08:50:43.003349,2700,1413809443.04,7516777306928,15772517057685,24733192192,28422144,148392520704,15615414272,31458758656,25605871288,25156940621,8058196918560,7714427849912
2014-10-20 08:50:53.142488,2710,1413809453.18,7526762697570,15792571446386,24733192192,28430336,149178256384,15678066688,31594958848,25666595962,25213819260,8068191671797,7724524729295
2014-10-20 08:51:03.292489,2720,1413809463.36,7536241942654,15811495463385,24733192192,28438528,149328002048,14803099648,29771087872,25724471707,25270112793,8077506059372,7734062311242
2014-10-20 08:51:13.482371,2730,1413809473.54,7539652317656,15818662695380,24733761536,28454912,149599624192,13512597504,27007545344,25724482810,25270137534,8081187549917,7737552667427
2014-10-20 08:51:23.653443,2740,1413809483.71,7541220342197,15821913957127,24734932992,28454912,149741665280,4547633152,9747902464,25724485438,25270138961,8082804803066,7739172905152
