2014-10-20 08:05:42.843700,0,1413806742.84,3393790291138,7362797979295,101199872,21790720,26166705152,14021763072,27789455360,6315721442,6343065705,3860977011912,3501870600721
2014-10-20 08:05:53.014114,10,1413806753.01,3405377773500,7386816814399,101199872,21790720,26280147968,14571814912,28829282304,6315730648,6343073561,3872795303029,3514177109097
2014-10-20 08:06:03.169232,20,1413806763.17,3420113028071,7416302427982,101199872,21823488,26280598528,14623068160,28923158528,6315734106,6343082060,3887694512869,3528776156770
2014-10-20 08:06:13.329605,30,1413806773.33,3440309961123,7456923299197,101199872,21831680,26356784128,15797178368,31374622720,6315741872,6343088252,3908240893915,3549125568799
2014-10-20 08:06:23.543387,40,1413806783.54,3449120941104,7471518086158,103149568,21856256,27348077568,15406682112,30218145792,6315745534,6343096036,3917250429729,3554661607250
2014-10-20 08:06:33.720234,50,1413806793.72,3465008793362,7506183618563,103272448,21872640,27348368384,15832313856,30890848256,6315753955,6343102914,3933156910617,3573088671785
2014-10-20 08:06:43.904459,61,1413806803.9,3482505259585,7541298143629,136589312,21901312,27349318656,16151965696,31943917568,6315767567,6343114284,3950965117860,3590538151782
2014-10-20 08:06:54.042099,71,1413806814.04,3493834449157,7565986678422,157601792,21942272,28413524992,15679483904,31199068160,6382807603,6410415229,3962844620840,3603616512037
2014-10-20 08:07:04.797827,81,1413806824.8,3504964965295,7590256452788,194609152,21975040,29231746048,15839195136,31646650368,6394102139,6432773808,3973955029082,3616400284607
2014-10-20 08:07:14.959909,92,1413806834.96,3521376593933,7623797974306,286318592,22016000,29519531008,16009822208,31832764416,6405354604,6443767063,3990744573948,3633199960101
2014-10-20 08:07:25.113734,102,1413806845.11,3534679426688,7650797487817,294043648,22048768,30300052480,16209993728,31947329536,6427694414,6454909188,4004283013293,3646588516075
2014-10-20 08:07:35.241880,112,1413806855.24,3540744539063,7665782616932,305221632,22085632,31508581376,15911284736,31610105856,6438686100,6466016035,4010687611153,3655282220805
2014-10-20 08:07:45.402471,122,1413806865.4,3554204728720,7694369290166,423759872,22118400,31962885120,16233328640,32048074752,6438727968,6477133854,4024499132676,3670020710249
2014-10-20 08:07:55.552997,132,1413806875.55,3567287067049,7723443481620,470839296,22155264,32356260864,15896760320,31817572352,6461021080,6499486481,4037823693865,3685819106445
2014-10-20 08:08:05.703111,142,1413806885.7,3582742437940,7755472782864,563593216,22208512,32761392128,15485747200,31056470016,6461036353,6505129243,4053611888012,3702030736783
2014-10-20 08:08:15.833243,153,1413806895.83,3599437877514,7789027363735,654540800,22233088,33200356352,15920410624,31769837568,6483407778,6521864630,4070650337049,3719262436838
2014-10-20 08:08:26.941369,164,1413806906.94,3600545876443,7796464955465,673611776,22274048,34481396736,15890075648,32026796032,6483429677,6533074641,4071915533857,3724651150253
2014-10-20 08:08:37.102629,174,1413806917.1,3607139021919,7811071139748,697729024,22306816,35475016704,16263385088,32027840512,6483451768,6544229271,4078901536514,3732358597541
2014-10-20 08:08:47.251986,184,1413806927.25,3619486094562,7838842793835,763011072,22343680,35477523456,15758962688,31680520192,6489021864,6555739465,4091571546297,3747516987513
2014-10-20 08:08:57.423075,194,1413806937.42,3634192866503,7867579730479,840183808,22392832,35608689664,15431876608,31014412288,6505727442,6566575208,4106482231489,3761234076543
2014-10-20 08:09:07.538690,204,1413806947.54,3643321915789,7885277787499,868667392,22417408,36617137152,15809544192,31759839232,6527935565,6577867538,4115767328661,3769558968425
2014-10-20 08:09:17.712360,214,1413806957.71,3646851991440,7892128474271,902483968,22450176,37829565440,15958720512,32036966400,6527938022,6577874906,4119552047760,3772635586837
2014-10-20 08:09:27.847031,225,1413806967.85,3660993632870,7921572242746,976801792,24875008,37982362624,15245307904,30543761408,6528009004,6577884811,4134169660026,3787573812342
2014-10-20 08:09:37.983395,235,1413806977.98,3680538078929,7961633985439,1113055232,24899584,37999651840,15896436736,32045699072,6550203382,6600013007,4154120441190,3807736974607
2014-10-20 08:09:48.141547,245,1413806988.14,3690316374111,7980445130440,1120235520,25165824,38753463296,15602925568,31222980608,6555823553,6622476597,4164076675821,3816430971007
2014-10-20 08:09:58.334350,255,1413806998.33,3692292539788,7984186117381,1145516032,25198592,39903124480,15642640384,31287865344,6572510801,6622510387,4166398350381,3817949071554
2014-10-20 08:10:08.514231,265,1413807008.51,3707075041912,8014488323814,1247191040,26558464,40152955904,15412797440,30584684544,6572515775,6622524073,4181444393565,3833158879825
2014-10-20 08:10:18.711263,275,1413807018.71,3725217977340,8053064237833,1352986624,26595328,40158055424,15992848384,32020611072,6594622026,6644754638,4199888644108,3853365959132
2014-10-20 08:10:28.851282,286,1413807028.85,3739229161973,8082170092204,1405743104,26701824,40793738240,15524204544,31171244032,6605933705,6667217895,4216523864592,3868773779036
2014-10-20 08:10:41.151205,298,1413807041.15,3744057365274,8089546134099,1413210112,26738688,42272816128,15812358144,31548100608,6617016624,6667247732,4219298329551,3870326246783
2014-10-20 08:10:51.331636,308,1413807051.33,3758772782687,8120107272647,1521098752,26775552,42425605120,15515705344,30725410816,6617021005,6667257722,4234448052326,3885854696496
2014-10-20 08:11:01.480106,318,1413807061.48,3776086564833,8154829530676,1639653376,26808320,42697448448,15971672064,31996358656,6639490501,6689682450,4251989429277,3903009579882
2014-10-20 08:11:11.613855,328,1413807071.61,3792768376350,8189101794689,1704960000,26849280,42716912640,15717122048,31530160128,6650613495,6701072468,4268952567598,3920315058171
2014-10-20 08:11:21.741368,338,1413807081.74,3805348862140,8214731655670,1770082304,26886144,43666516992,15762964480,31153741824,6667315653,6712201334,4281864589475,3932974540772
2014-10-20 08:11:31.930966,349,1413807091.93,3807767596988,8222144678857,1784197120,26918912,44860214272,15966973952,31857598464,6673006148,6734547196,4284444439031,3937747895275
2014-10-20 08:11:42.099797,359,1413807102.1,3820314950011,8251146348021,1855598592,26963968,44881124352,15323332608,30757740544,6673010134,6734556512,4297402658236,3953880479787
2014-10-20 08:11:52.231487,369,1413807112.23,3832542978655,8275938837940,1928253440,26988544,45612575744,15927193600,31956877312,6694897777,6756616768,4309776261404,3966219353809
2014-10-20 08:12:02.391864,379,1413807122.39,3843641772919,8299257451007,1993138176,27025408,46110309376,15691022336,31481753600,6694901467,6756627407,4321341834473,3978052159713
2014-10-20 08:12:12.531307,389,1413807132.53,3859220224171,8331710567413,2082557952,27062272,46531951616,15885541376,32024211456,6717081087,6778930709,4337177249137,3994655164922
2014-10-20 08:12:22.670420,399,1413807142.67,3865869715517,8345859999828,2130837504,27095040,47291223040,16034131968,31913168896,6717085253,6778938811,4344148156639,4001884975917
2014-10-20 08:12:32.828707,410,1413807152.83,3881207684671,8376397948257,2192695296,27136000,47746100224,15750057984,31772037120,6728369229,6795377069,4359702779871,4016769705544
2014-10-20 08:12:42.999091,420,1413807163.0,3890911207367,8397920412382,2254909440,27168768,48368221184,15865270272,31924178944,6739582166,6811992659,4369686057654,4028391209103
2014-10-20 08:12:53.142328,430,1413807173.14,3906856270752,8431001787584,2336702464,27209728,48732957696,15816548352,31818993664,6750651652,6817647135,4385938979048,4045145563681
2014-10-20 08:13:03.369596,440,1413807183.37,3912578310734,8440736124693,2346561536,39227392,49927613440,15663742976,31731793920,6767423273,6834257746,4392040363554,4048801543660
2014-10-20 08:13:13.509958,450,1413807193.51,3918602912012,8451169472895,2436153344,39260160,50769255424,15890530304,32050061312,6773055757,6834277570,4398279431061,4053010265675
2014-10-20 08:13:23.642809,460,1413807203.64,3933488381366,8482923886271,2513305600,39301120,50775407616,15447982080,31253204992,6773072727,6839864557,4413549880031,4069493761957
2014-10-20 08:13:33.770618,470,1413807213.77,3946193660732,8508708957678,2618998784,39333888,51402390528,15897739264,31804706816,6795397501,6856769727,4426538991117,4082339896669
2014-10-20 08:13:43.902619,481,1413807223.9,3963364147230,8543071824539,2690850816,39546880,51431095296,15795400704,31669555200,6806530218,6867916372,4444037541861,4099156271797
2014-10-20 08:13:54.042496,491,1413807234.04,3968211631639,8554640092992,2736775168,39579648,52494642176,15949611008,31941947392,6817791389,6890035128,4449112240693,4105695650744
2014-10-20 08:14:04.184276,501,1413807244.18,3979431684965,8581508294059,2805321728,134721536,52763728896,15266308096,30716522496,6817794996,6890045696,4460676396758,4120911161623
2014-10-20 08:14:14.360344,511,1413807254.36,3992669424077,8606183113751,2886090752,134746112,53387869184,16041541632,32065880064,6840306026,6912274551,4474131348710,4132103995937
2014-10-20 08:14:24.529395,521,1413807264.53,4003596946389,8628553746586,2948702208,134787072,53958089728,15764623360,31566594048,6840309032,6912281343,4485564775008,4143091894967
2014-10-20 08:14:34.680001,531,1413807274.68,4012103209223,8646653619404,2980220928,134819840,54762781696,15775535104,31515238400,6862450423,6929054581,4494276517792,4152426620303
2014-10-20 08:14:44.834040,542,1413807284.83,4012937486514,8649440795415,2988838912,134860800,55963216896,15783931904,31655428096,6862465138,6934726610,4495329150970,4154170322844
2014-10-20 08:14:54.998762,552,1413807295.0,4027501631341,8679618664005,3094454272,134901760,56082136064,15620853760,31075504128,6862468157,6934733605,4510429343699,4169299078689
2014-10-20 08:15:05.149974,562,1413807305.15,4047154921337,8716844034773,3238191104,134934528,56273230848,16126840832,32117645312,6884671038,6957026927,4530334029056,4186716232196
2014-10-20 08:15:15.298404,572,1413807315.3,4061117461879,8744297780909,3263225856,134975488,56862514176,15636619264,30994563072,6895937840,6957064203,4544624746479,4199724724562
2014-10-20 08:15:25.446270,582,1413807325.45,4062996780393,8750207798938,3273756672,135008256,58080168960,15642079232,31253626880,6907127358,6979271683,4546736717860,4203530518610
2014-10-20 08:15:35.621807,592,1413807335.62,4075088868815,8774494763665,3387617280,135041024,58509741056,16155385856,32101949440,6907129783,6979278733,4559225598583,4215453697181
2014-10-20 08:15:45.755865,602,1413807345.76,4088966783997,8807542885751,3448168448,135081984,58511174656,15811915776,31927369728,6918190397,7001630113,4573337512721,4234355981212
2014-10-20 08:15:55.901625,613,1413807355.9,4107174651858,8839836998698,3560538112,135147520,58512927744,15689527296,31319691264,6929176363,7001657917,4591905469597,4248124472453
2014-10-20 08:16:06.058579,623,1413807366.06,4120369727882,8866358929207,3642363904,135192576,59152845824,15875952640,31962943488,6951293460,7024140870,4605379016012,4261042126170
2014-10-20 08:16:16.358999,633,1413807376.36,4123285991043,8874967889240,3648241664,135217152,60400536576,15768195072,31711096832,6962339965,7024163750,4608610159774,4266398930252
2014-10-20 08:16:26.517578,643,1413807386.52,4131095263075,8890206215953,3720962048,135249920,61157809152,16216743936,32056913920,6962378308,7046390783,4616737203549,4273617487170
2014-10-20 08:16:36.658367,653,1413807396.66,4145843454978,8920667949984,3797217280,136142848,61423762432,15763353600,31764733952,6973538441,7046423506,4631839066660,4288925529337
2014-10-20 08:16:46.790044,663,1413807406.79,4159246123248,8947192744988,3883888640,136179712,61956418560,16098832384,31987802112,6984715673,7068649047,4645479892360,4301881447583
2014-10-20 08:16:56.922027,674,1413807416.92,4176033698692,8979349201207,3983597568,136224768,62084983808,15723048960,31121203200,7001459719,7068684051,4662680713300,4316837984057
2014-10-20 08:17:07.058244,684,1413807427.06,4184138914605,8995786652836,4028231680,137076736,62999251968,16155738112,31986081792,7018106850,7090871510,4670949868446,4324877464909
2014-10-20 08:17:17.208718,694,1413807437.21,4184734877564,8997843328837,4038746112,137109504,64184372224,16137150464,32022773760,7018109571,7090878886,4671811252870,4326083933073
2014-10-20 08:17:27.389514,704,1413807447.39,4195883436649,9020430991146,4120657920,137150464,64390118400,15745105920,31874244608,7018111796,7090884542,4683459468036,4337171932283
2014-10-20 08:17:37.538481,714,1413807457.54,4213341796197,9050161108292,4261834752,137199616,64569019392,16204292096,31847813120,7040232321,7102088046,4701139162144,4349179600163
2014-10-20 08:17:47.697825,724,1413807467.7,4230056418889,9081654992497,4359065600,137281536,64643243008,16377753600,31710531584,7051326379,7113200001,4718219861427,4363602036499
2014-10-20 08:17:57.832451,735,1413807477.83,4238931957678,9098736984534,4391489536,143921152,65661004800,16401547264,32033775616,7073598810,7135519579,4727286319784,4371511897762
2014-10-20 08:18:07.998274,745,1413807488.0,4240178740097,9101517789393,4404756480,143953920,66835516416,16403156992,32053563392,7073601701,7135528928,4728761393096,4372834568321
2014-10-20 08:18:18.197602,755,1413807498.2,4256867738579,9134791553088,4512346112,143990784,66906356736,15959429120,31145558016,7079229277,7135543974,4746035301854,4388855208374
2014-10-20 08:18:28.317081,765,1413807508.32,4270286511244,9163890055763,4597317632,144027648,67174476800,16239980544,32083423232,7095935027,7152173708,4759704066539,4404374013684
2014-10-20 08:18:38.442238,775,1413807518.44,4287393760012,9197841350706,4699267072,144068608,67192634368,16354942976,31814397952,7106951914,7163459819,4777165113620,4420846078495
2014-10-20 08:18:48.588160,785,1413807528.59,4301417856671,9226176643258,4783857664,144236544,67816176640,16359542784,32020324352,7129205092,7185996166,4791464556869,4434808360670
2014-10-20 08:18:58.748196,795,1413807538.75,4303659338999,9229497460260,4802142208,144273408,68994182144,16528637952,32074321920,7129218565,7191518702,4793945583824,4435597780810
2014-10-20 08:19:08.918079,806,1413807548.92,4311504037419,9246124238866,4847759360,144326656,69596048384,16406417408,31786938368,7129221069,7191527728,4802201035680,4444012989141
2014-10-20 08:19:19.038156,816,1413807559.04,4323267071231,9271265446840,4915752960,144367616,70052203520,16296337408,31876734976,7151505906,7202673387,4814220964173,4457228705793
2014-10-20 08:19:29.187014,826,1413807569.19,4337145601735,9301907156125,5003644928,145154048,70247459840,15737958400,31225204736,7151537011,7213807833,4828518632354,4473542798004
2014-10-20 08:19:39.327014,836,1413807579.33,4354145727780,9336926068819,5121904640,145178624,70486248448,16332054528,32061386752,7173919662,7230239766,4845751868855,4491241298155
2014-10-20 08:19:49.467731,846,1413807589.47,4358146350222,9345290534828,5128839168,145219584,71583423488,16007434240,31393820672,7173938394,7241277738,4850043990008,4495307765820
2014-10-20 08:19:59.612350,856,1413807599.61,4360628808847,9352020991082,5133512704,145244160,72751750144,16071663616,31446761472,7185167686,7246882634,4852773220405,4499371526752
2014-10-20 08:20:09.743701,866,1413807609.74,4375754997643,9385259401349,5202997248,145293312,72853621760,16221560832,31806111744,7185185869,7254893130,4868143156965,4517222907956
2014-10-20 08:20:19.897507,877,1413807619.9,4391797431432,9416489104111,5290762240,145321984,73290185728,16435798016,32082481152,7204373230,7266731146,4884654336612,4532026662975
2014-10-20 08:20:30.041367,887,1413807630.04,4404415081137,9442433307448,5338832896,145358848,73481526272,16280809472,31892881408,7220045368,7278863697,4897448635418,4545144205082
2014-10-20 08:20:40.197408,897,1413807640.2,4414612319700,9464313243812,5390012416,147042304,74211294208,15611125760,30644346880,7220070741,7286926478,4907959066870,4556404024556
2014-10-20 08:20:50.357258,907,1413807650.36,4432982936444,9499909538248,5484822528,147066880,74413620224,16398426112,32071368704,7236080510,7302708725,4926726015693,4573354203280
2014-10-20 08:21:00.506388,917,1413807660.51,4443169448718,9521221974703,5518065664,147116032,75052850176,16068403200,31606333440,7252021634,7304236360,4937194980509,4584212130691
2014-10-20 08:21:10.666362,927,1413807670.67,4447212092939,9528776095573,5535920128,147148800,76172479488,16243924992,31816187904,7252050047,7318711889,4941406159981,4587429697481
2014-10-20 08:21:20.939178,938,1413807680.94,4453514184534,9542006421993,5583548416,147181568,76977593344,16394473472,32097579008,7252052208,7318717472,4948070190897,4594142415007
2014-10-20 08:21:31.082977,948,1413807691.08,4465190015992,9572856755132,5613236224,147628032,76978990080,15918964736,31916654592,7256370475,7331491328,4959989956421,4613067474231
2014-10-20 08:21:41.226423,958,1413807701.23,4480747433277,9602406247980,5683142656,147677184,77098515456,15966556160,31951855616,7268004724,7334706841,4975729356249,4626830982196
2014-10-20 08:21:51.356784,968,1413807711.36,4487329013845,9617330295961,5716131840,147709952,78137285632,15830712320,31275286528,7284082701,7350678450,4982674611404,4634762260068
2014-10-20 08:22:01.516044,978,1413807721.52,4498726440907,9642277509863,5781741568,147742720,78507944960,16090193920,32069689344,7284115335,7366487002,4994236362410,4648157528517
2014-10-20 08:22:11.666634,988,1413807731.67,4515007642398,9674365990801,5881810944,147783680,78509534208,16301264896,31816966144,7299915430,7374557792,5010939897833,4663514920169
2014-10-20 08:22:21.804836,999,1413807741.8,4522443443789,9689121780790,5887332352,147832832,78891740160,15624990720,31398932480,7304709236,7390571532,5018513216774,4670731562644
2014-10-20 08:22:31.946951,1009,1413807751.95,4531678664651,9707321025891,6063816704,147857408,78970276864,15850151936,31742488576,7353693673,7415892827,5027934950128,4679443924287
2014-10-20 08:22:42.094827,1019,1413807762.09,4534289419500,9713715128152,6121738240,147873792,79842110464,15926525952,31872344064,7368437629,7436750984,5030821945488,4683039772193
2014-10-20 08:22:52.246240,1029,1413807772.25,4540936694972,9728100555798,6210596864,147910656,80315075584,15903666176,31804764160,7399924322,7473091278,5037671049928,4690600792209
2014-10-20 08:23:02.385465,1039,1413807782.39,4544609362403,9735830999788,6240067584,147927040,81403681792,15973298176,31941165056,7419173774,7494397848,5041491410193,4694391009806
2014-10-20 08:23:12.544511,1049,1413807792.54,4562523882117,9772408337266,6375546880,147943424,81443990528,16049762304,32075776000,7506662017,7584979431,5059736967476,4712894900753
2014-10-20 08:23:22.705274,1059,1413807802.71,4581313204866,9810168942337,6517063680,147959808,81579805696,16064671744,32065421312,7598903980,7676033766,5078775057135,4731576062060
2014-10-20 08:23:32.845970,1070,1413807812.85,4595579096128,9838977940193,6625566720,147976192,81986423808,16078061568,32070787072,7669129620,7745249637,5093270160592,4745844863026
2014-10-20 08:23:42.985639,1080,1413807822.99,4614162280076,9876990131910,6758330368,148025344,81986739200,14883024896,29961478144,7759223579,7842573177,5112126450596,4764995419209
2014-10-20 08:23:53.135046,1090,1413807833.14,4625732569704,9899537643713,6832443392,148041728,82528828416,15180808192,30242160640,7792293180,7903397711,5123887032736,4775817814473
2014-10-20 08:24:03.265413,1100,1413807843.27,4644366122912,9936795724256,7029006336,148058112,82740743168,15668129792,31245819904,7882061180,8014399594,5142628394884,4794299705381
2014-10-20 08:24:13.414810,1110,1413807853.41,4660727019043,9970273369493,7245238272,148090880,83012336640,15108780032,30072913920,7966492414,8114112806,5159115860065,4811307197344
2014-10-20 08:24:23.594784,1120,1413807863.59,4679295849458,10007054284049,7382790144,148115456,83225721856,15377604608,30636175360,8072722351,8210624911,5177870424145,4829374808027
2014-10-20 08:24:33.793682,1130,1413807873.79,4698874063974,10047004397462,7596994560,148140032,83507649536,16157700096,31986573312,8190680931,8489517230,5197583551723,4849618654545
2014-10-20 08:24:43.937115,1141,1413807883.94,4718865734081,10087566164077,7793733632,148156416,83885009920,16212783104,32113049600,8285424266,8591525018,5217889306274,4869849785640
2014-10-20 08:24:54.085453,1151,1413807894.09,4738362606118,10127442115519,7895937024,148172800,84344359936,16233193472,32103694336,8384921924,8647142023,5237662198716,4889976182288
2014-10-20 08:25:04.234459,1161,1413807904.23,4758146932274,10166089560244,7954878464,148189184,84804746240,16451596288,31633199104,8482342194,8737136454,5257625093584,4908649361338
2014-10-20 08:25:14.395041,1171,1413807914.4,4777270524920,10205128273117,7988424704,148205568,85410667520,16621826048,31962492928,8563560391,8919669609,5276970648473,4928343166213
2014-10-20 08:25:24.531116,1181,1413807924.53,4796798917592,10245268552445,8114802688,148230144,85593881600,16481390592,32104046592,8919366467,8961869357,5296793433168,4948646414418
2014-10-20 08:25:34.662313,1191,1413807934.66,4815920086901,10284509280341,8157859840,148250624,86190599168,16215126016,31939702784,9128753547,8962913241,5316233874344,4968445146225
2014-10-20 08:25:44.805901,1202,1413807944.81,4830613932391,10319214985842,8283439104,148287488,86405037056,15295889408,31437549568,9317749859,8996535756,5331071687726,4988279544247
2014-10-20 08:25:54.944602,1212,1413807954.94,4847334710894,10356007331740,8308793344,148303872,87072005120,15612145664,31931129856,9455893086,9116639873,5348055483269,5008152981630
2014-10-20 08:26:05.284003,1222,1413807965.28,4867462888381,10395960915951,8310988800,148320256,87721036800,15763595264,32095473664,9553753924,9269844711,5368432019806,5027710060056
2014-10-20 08:26:15.422018,1232,1413807975.42,4887447227028,10435638053919,8344133632,148348928,88057940992,15861755904,32096399360,9624481522,9462343938,5388726350260,5047041619611
2014-10-20 08:26:25.546705,1242,1413807985.55,4907256117975,10475534841817,8345108480,148373504,88632519680,15112650752,31276396544,9651312895,9687097272,5408865302234,5066854532928
2014-10-20 08:26:35.694854,1252,1413807995.69,4919747608406,10507226502044,8348442624,148410368,89242074112,15153766400,31449997312,9676369323,9877878978,5421564550392,5085797146068
2014-10-20 08:26:45.834451,1263,1413808005.83,4939562380472,10542302710911,8464080896,148439040,89666452480,15665745920,30866128896,9704406313,10044917713,5441594809562,5100861784070
2014-10-20 08:26:55.974791,1273,1413808015.97,4958754414181,10577058075105,8660316160,148455424,90071628800,16154710016,31874899968,9788058063,10196280745,5460964261019,5116236517366
2014-10-20 08:27:06.113505,1283,1413808026.11,4976094305234,10612238249318,8765829120,148484096,90639715328,16424259584,31214649344,9871190601,10255405683,5478526587502,5133901478512
2014-10-20 08:27:16.264306,1293,1413808036.26,4995097762286,10649670722557,8895221760,148500480,90868489216,16661938176,31926657024,10015176461,10303529970,5497667255361,5152166861622
2014-10-20 08:27:26.410229,1303,1413808046.41,5011537488971,10686092730592,8979640320,148516864,91444001792,16631771136,32093425664,10118240889,10424822069,5514326143313,5171933934259
2014-10-20 08:27:36.593267,1313,1413808056.59,5029423080325,10724600784054,9092562944,148541440,91763969024,16559239168,32101601280,10279382676,10532800630,5532453861982,5192313496002
2014-10-20 08:27:46.734021,1323,1413808066.73,5048827241500,10764594601428,9191096320,148557824,92140710912,16388685824,32110112768,10599627265,10534015455,5552166829944,5212613559881
2014-10-20 08:27:56.873153,1334,1413808076.87,5063169500928,10798706361240,9333989376,148594688,92459031552,15290978304,31351832576,10868520406,10544640560,5566710333370,5232164705509
2014-10-20 08:28:07.023946,1344,1413808087.02,5075836738543,10831117735232,9338486784,148615168,93060901888,15239000064,31581589504,11024129510,10579511999,5579585264874,5251719858760
2014-10-20 08:28:17.183794,1354,1413808097.18,5095697944022,10870291666056,9466155008,148639744,93347118080,15639855104,32106881024,11106479388,10747495323,5599691903752,5270802461825
2014-10-20 08:28:27.342880,1364,1413808107.34,5112384431494,10900888759875,9496649728,148656128,94262017024,15649890304,32116015104,11122241951,10851357030,5616609997763,5284432921395
2014-10-20 08:28:37.473630,1374,1413808117.47,5132512668672,10941415097633,9599336448,148672512,94585441280,15789379584,32119181312,11153668276,11070466542,5637074589105,5304542697875
2014-10-20 08:28:47.615735,1384,1413808127.62,5152325779112,10980633701259,9691160576,148692992,95130930176,15146684416,31454838784,11171072798,11253294706,5657175018934,5323655281763
2014-10-20 08:28:57.763480,1394,1413808137.76,5170092277671,11016555467569,9692717056,148746240,95237901312,15348920320,30539841536,11172318718,11555054859,5675076371398,5341632714897
2014-10-20 08:29:07.901734,1405,1413808147.9,5188111654546,11046264356484,9791086592,148774912,95785434112,15810945024,30112186368,11226632898,11649579541,5693315356926,5353161091222
2014-10-20 08:29:18.052492,1415,1413808158.05,5207930544565,11084393628417,10028883968,148791296,96150658048,16195657728,31117406208,11386005383,11750534861,5713325642162,5371279108477
2014-10-20 08:29:28.213644,1425,1413808168.21,5227486226155,11124442194396,10148749312,148807680,96703020032,16265199616,31391318016,11513421834,11807898871,5733133535632,5391484416481
2014-10-20 08:29:38.362345,1435,1413808178.36,5247442762433,11164635262866,10336854016,148832256,97004293120,16426991616,31807533056,11665617531,11874466371,5753299908896,5411512755144
2014-10-20 08:29:48.492627,1445,1413808188.49,5267618359495,11205103971888,10465861632,148860928,97517108224,16494866432,32065617920,11801891470,11932109376,5773747403983,5431566896332
2014-10-20 08:29:58.642743,1455,1413808198.64,5287539750204,11245139086217,10620977152,148877312,97705851904,16483540992,32130617344,11997588967,12069005896,5793923539734,5451385222695
2014-10-20 08:30:08.779213,1465,1413808208.78,5303031618118,11280849902052,10685657088,149331968,98312735744,15272755200,31157313536,12086873207,12105535969,5809676103132,5471391029489
2014-10-20 08:30:18.936798,1476,1413808218.94,5319678042308,11316628760087,10823700480,149356544,98595408896,15678062592,31955771392,12309810003,12174976132,5826452655382,5490373220335
2014-10-20 08:30:29.082485,1486,1413808229.08,5339008097738,11356242072718,10922176512,149372928,99174595584,15712399360,32136720384,12480323638,12255722899,5848174615611,5512894431064
2014-10-20 08:30:40.501850,1497,1413808240.5,5361166161841,11400130046687,11043459072,149397504,99666381824,15787491328,32138055680,12553094048,12457504899,5868523233169,5531803581234
2014-10-20 08:30:50.633541,1507,1413808250.63,5380891361462,11439795101820,11111174144,149413888,100081830912,15902294016,32138788864,12581782057,12622954025,5888530281003,5551459538465
2014-10-20 08:31:00.784688,1517,1413808260.78,5400113306859,11478410759388,11163971584,149430272,100685712384,15954751488,32145661952,12617247769,12791923518,5908065286828,5570531877096
2014-10-20 08:31:10.915555,1528,1413808270.92,5419452478972,11517310848753,11164037120,149446656,101133835264,16034127872,32131850240,12653232604,13030655973,5927699168268,5589797251547
2014-10-20 08:31:21.062071,1538,1413808281.06,5435573125833,11547881032401,11164102656,149495808,101635095552,15261843456,30307086336,12728302077,13137156676,5943966627530,5604000292806
2014-10-20 08:31:31.180849,1548,1413808291.18,5448377783302,11574901932335,11274551296,149532672,101817793536,15270604800,29713461248,12884691284,13153730967,5956982459228,5618100374339
2014-10-20 08:31:41.322041,1558,1413808301.32,5467984481896,11613673455622,11437801472,149549056,102331395072,15729049600,30689353728,13005889137,13207583180,5976766718248,5637086968652
2014-10-20 08:31:51.457195,1568,1413808311.46,5487461548629,11653169785847,11635130368,149565440,102695316480,16145817600,31548575744,13142541744,13267986278,5996389404013,5656951576026
2014-10-20 08:32:01.602046,1578,1413808321.6,5506334935458,11691987624065,11861241856,149581824,103019613184,16320053248,32138018816,13323964060,13339492513,6015504583526,5676685599850
2014-10-20 08:32:11.738158,1588,1413808331.74,5526389088062,11732071213356,12104482816,149598208,103206505472,16338817024,32128606208,13508780276,13420452898,6035841429536,5696386175000
2014-10-20 08:32:21.881920,1599,1413808341.88,5543698034183,11769635543010,12104523776,149626880,103626075136,15587016704,31357222912,13577592008,13530818526,6053291731579,5716504855144
2014-10-20 08:32:32.031801,1609,1413808352.03,5558544960350,11801008300969,12147687424,149667840,104024423424,15684534272,31286505472,13649962097,13735526204,6068349809195,5732875241035
2014-10-20 08:32:42.180907,1619,1413808362.18,5578377986039,11835829860751,12242092032,149684224,104396143616,16067739648,31954591744,13713498303,13846631725,6088378134103,5747652507762
2014-10-20 08:32:52.322086,1629,1413808372.32,5598139355857,11875763669981,12387307520,149700608,104862362624,16108466176,32157245440,13794222238,13983134434,6108416715485,5767551399438
2014-10-20 08:33:02.481633,1639,1413808382.48,5617732236280,11915616267301,12511387648,149716992,105321466880,16112451584,32149766144,13881435782,14079597272,6128247259222,5787534286634
2014-10-20 08:33:12.621499,1649,1413808392.62,5637540241177,11955966588658,12688658432,149733376,105503992832,16156082176,32136290304,13979302797,14223908124,6148958917168,5808427264577
2014-10-20 08:33:23.081440,1660,1413808403.08,5656425934089,11994455863665,12730306560,149749760,106151267328,16128012288,32136859648,14040563621,14348223955,6167473495706,5827174972253
2014-10-20 08:33:33.227547,1670,1413808413.23,5675326281646,12033833698779,12891058176,149774336,106339548160,16126828544,32151994368,14314889624,14439674542,6186564068456,5847452850276
2014-10-20 08:33:56.451384,1693,1413808436.45,5711906839505,12106420091762,12948819968,149852160,107640421376,15359021056,30861058048,14574189166,14607546328,6223573094765,5883030907094
2014-10-20 08:34:06.590659,1703,1413808446.59,5731878485013,12146171049369,13069152256,149868544,108076780544,15838965760,31671476224,14697841315,14775393193,6243725563147,5902646948846
2014-10-20 08:34:18.358090,1715,1413808458.36,5754922472906,12192287040273,13260107776,149889024,108348296192,16121942016,32151416832,14826723889,14919011365,6267001747846,5925451025580
2014-10-20 08:34:28.510784,1725,1413808468.51,5774287104708,12231811928291,13424488448,149905408,108717186048,16182132736,32150167552,14926787333,15029955669,6286691802214,5945308205435
2014-10-20 08:34:38.650914,1735,1413808478.65,5792438549072,12268041182134,13489229824,149934080,109351410688,16124542976,32145149952,15137648579,15212826202,6305068892515,5963060187637
2014-10-20 08:34:48.820754,1746,1413808488.82,5805482599794,12298090963474,13490470912,149979136,109769546752,15129399296,30336421888,15196931348,15306775790,6318407228921,5979816024570
2014-10-20 08:34:58.960695,1756,1413808498.96,5820394176967,12327752315120,13582557184,150003712,110193118208,15558987776,30823542784,15254243359,15424268896,6333489491867,5994455096477
2014-10-20 08:35:09.198946,1766,1413808509.2,5840463804671,12368031366298,13710213120,150020096,110930332672,15750176768,31198093312,15346568159,15490650930,6353792342900,6014394234504
2014-10-20 08:35:19.340581,1776,1413808519.34,5859967366490,12407726738279,13906132992,150036480,111093529600,16032976896,31671574528,15458482995,15604918143,6373527616419,6034398706702
2014-10-20 08:35:29.492556,1786,1413808529.49,5880002925519,12447911107575,14064009216,150052864,111458520064,16279916544,32147181568,15559024927,15742413977,6393794235150,6054316360023
2014-10-20 08:35:39.649551,1796,1413808539.65,5899956988257,12488173491697,14176788480,150069248,111703460864,16225579008,32136421376,15661764689,15853533062,6413991582816,6074355181587
2014-10-20 08:35:49.789414,1806,1413808549.79,5918058552707,12525356610145,14264999936,150102016,112289438720,16484241408,31594369024,15781723835,16036485412,6432268524499,6093207477712
2014-10-20 08:35:59.942335,1817,1413808559.94,5931366544000,12552193606499,14317522944,150155264,112571661312,15480041472,30948696064,15995845492,16053702860,6445770020841,6106577693444
2014-10-20 08:36:10.076583,1827,1413808570.08,5944681376426,12585469998645,14406619136,150171648,113160674304,15720050688,31628951552,16132420506,16086256113,6459287431462,6126375553470
2014-10-20 08:36:20.230098,1837,1413808580.23,5964688387549,12625469956795,14588710912,150188032,113435757568,16022183936,32152731648,16226193531,16209309734,6479540622940,6146120735203
2014-10-20 08:36:30.369582,1847,1413808590.37,5984367141393,12665038630988,14736953344,150204416,113986255872,16035422208,32150544384,16324011797,16297556667,6499510570864,6165736604746
2014-10-20 08:36:40.519856,1857,1413808600.52,6003377820325,12704121568612,14958829568,150220800,114304711680,16047423488,32144818176,16467719063,16387284420,6518776537165,6185505620259
2014-10-20 08:36:50.648923,1867,1413808610.65,6023154083380,12742189567363,15053017088,150245376,114717101056,16017915904,32154537984,16627595911,16482845782,6538830170804,6203556780042
2014-10-20 08:37:00.808865,1878,1413808620.81,6043143028783,12781326368513,15063261184,150261760,115041860608,16106266624,32154591232,16648883213,16715509033,6559131494793,6222398712054
2014-10-20 08:37:10.959125,1888,1413808630.96,6058450892745,12813390916351,15063498752,150315008,115710032896,15286870016,30421606400,16697093088,16933204876,6574672726533,6238857114783
2014-10-20 08:37:21.111223,1898,1413808641.11,6072694788594,12841140164393,15120248832,150331392,116129799168,15313883136,30545891328,16779640322,16996185570,6589107520298,6252215467565
2014-10-20 08:37:31.258693,1908,1413808651.26,6092027620055,12880582467470,15322189824,150347776,116511611904,15826071552,31535140864,16894573430,17106266204,6608613617613,6272130769390
2014-10-20 08:37:41.373337,1918,1413808661.37,6111491526280,12920023065641,15436062720,150364160,117014170624,15986925568,31813767168,16972265078,17198325399,6628339857006,6291874542885
2014-10-20 08:37:51.518477,1928,1413808671.52,6131556494046,12959669929305,15553339392,150392832,117285538816,16113504256,31103336448,17090745269,17250573024,6648616548807,6311244550829
2014-10-20 08:38:01.678433,1938,1413808681.68,6151179308078,12997544084069,15771639808,150409216,117474176000,16549687296,31974936576,17239390688,17313120932,6668377188853,6329353808292
2014-10-20 08:38:11.813193,1949,1413808691.81,6170221941805,13036406169992,15891427328,150429696,118103878656,15771373568,31571148800,17347933609,17345874986,6687611072803,6348987128832
2014-10-20 08:38:22.177390,1959,1413808702.18,6185807699205,13072622459621,16024068096,150462464,118369037312,15748927488,31804399616,17548895348,17412367482,6703327234498,6369484690858
2014-10-20 08:38:32.339009,1969,1413808712.34,6204428690797,13110016408095,16118927360,150487040,118842088448,15902625792,32155828224,17618944415,17604888099,6722137156665,6388030818220
2014-10-20 08:38:42.488079,1979,1413808722.49,6223806135241,13149298824191,16264294400,150503424,119223229440,15928360960,32150102016,17709202225,17748721448,6741820065981,6407691133220
2014-10-20 08:38:52.638837,1989,1413808732.64,6243716356346,13189348934876,16441012224,150528000,119499701248,15958282240,32150388736,17813962423,17879278338,6761983997592,6427517135530
2014-10-20 08:39:02.787106,1999,1413808742.79,6263447325723,13229461454447,16618033152,150544384,119782280192,15995641856,32158011392,17965738163,18018635489,6782006183008,6447613590123
2014-10-20 08:39:12.929653,2010,1413808752.93,6283158826871,13268416176070,16691134464,150568960,120195398656,16106708992,32156987392,18011589176,18207446739,6802074757744,6466519432372
2014-10-20 08:39:23.077815,2020,1413808763.08,6299719011358,13304419877854,16691462144,150593536,120842341376,16169213952,32149852160,18063831298,18437844685,6818982846031,6485636834619
2014-10-20 08:39:33.227679,2030,1413808773.23,6319991883536,13344987249295,16691757056,150614016,121345453056,16177893376,31232663552,18162583606,18533094113,6839476077232,6505675231419
2014-10-20 08:39:43.377638,2040,1413808783.38,6339205827918,13377111661199,16692281344,150638592,122020768768,16331866112,31367999488,18274008862,18580755833,6858923828076,6518327219943
2014-10-20 08:39:53.528395,2050,1413808793.53,6353835650761,13409969620247,16787898368,150667264,122455198720,15610888192,31145631744,18446800725,18616322808,6873694112078,6536442106999
2014-10-20 08:40:03.707610,2060,1413808803.71,6368671715312,13444684234448,16930914304,150687744,122810743808,15730438144,31713161216,18596882552,18668408962,6888762616027,6556140434405
2014-10-20 08:40:13.867425,2071,1413808813.87,6388866590748,13483467623373,17076535296,150716416,123074063360,16080105472,31480242176,18722723369,18745540080,6909099488498,6574552018247
2014-10-20 08:40:24.008145,2081,1413808824.01,6406132230163,13518035602594,17241395200,150749184,123410127872,15288098816,30829461504,18817494114,18815714126,6926468538255,6591716925624
2014-10-20 08:40:34.157243,2091,1413808834.16,6423991152032,13556100407962,17414803456,150765568,123605072896,15655522304,31681540096,18952863106,18897054811,6944459917978,6611849873221
2014-10-20 08:40:44.297564,2101,1413808844.3,6444072896902,13596437845017,17587294208,150781952,123970808832,15865679872,32160669696,19063241426,18980650944,6964728388899,6631919860961
2014-10-20 08:40:54.466600,2111,1413808854.47,6464075059371,13634866959090,17770414080,150806528,124408585216,15928909824,32167182336,19132477093,19104092391,6984951998584,6650045955583
2014-10-20 08:41:04.617017,2121,1413808864.62,6484142254440,13675334313589,17991368704,150822912,124524870656,15929696256,32155574272,19214159003,19295243411,7005297549389,6670216890024
2014-10-20 08:41:14.757770,2131,1413808874.76,6504193534508,13715335689654,18122096640,150839296,125159070720,15979470848,32141742080,19264388520,19417948147,7025679786579,6689849745114
2014-10-20 08:41:24.904031,2142,1413808884.9,6522792191130,13753935955375,18228346880,150855680,125793311744,16016052224,32145096704,19314253417,19611960851,7044495678609,6709552447030
2014-10-20 08:41:35.057645,2152,1413808895.06,6542311601176,13793639914250,18292916224,150880256,126225202176,16024227840,32145461248,19433199810,19786386031,7064364525736,6729459042361
2014-10-20 08:41:45.203869,2162,1413808905.2,6561453009123,13833054114101,18293178368,150917120,126733184000,16106893312,32161394688,19535974954,19954695255,7083806616906,6749414161333
2014-10-20 08:41:55.357883,2172,1413808915.36,6581728421240,13873658831992,18293276672,150937600,127201602560,16109522944,31148847104,19636716542,20048801268,7104353607757,6769439541660
2014-10-20 08:42:05.507213,2182,1413808925.51,6601811794272,13906705580102,18293440512,150962176,127562873856,16273584128,31291580416,19756647113,20094972108,7124621525983,6782192857528
2014-10-20 08:42:15.646447,2192,1413808935.65,6621188424995,13942930271423,18356551680,150978560,128390466560,16476499968,31887126528,19928358444,20129492169,7144285165247,6798833191493
2014-10-20 08:42:25.786321,2202,1413808945.79,6635016721471,13977102224264,18432008192,151015424,128767630336,15459319808,31262584832,20073195726,20162967511,7158265229163,6818994418824
2014-10-20 08:42:35.926302,2213,1413808955.93,6647277816745,14009194801852,18602569728,151040000,129038953472,14878851072,31157391360,20211079186,20238957132,7170703876259,6838668695461
2014-10-20 08:42:46.065390,2223,1413808966.07,6664805886457,14045003878819,18747731968,151068672,129415646208,15072505856,30726127616,20285915307,20313871608,7188402165932,6856752859848
2014-10-20 08:42:56.217015,2233,1413808976.22,6684522588470,14081630070717,18913734656,151093248,129785519104,15504777216,31345352704,20338640915,20410538705,7208233127465,6873520409559
2014-10-20 08:43:06.382951,2243,1413808986.38,6704343227394,14121491052860,19142336512,151109632,130004188160,15774138368,31836807168,20497587582,20531990492,7228199813700,6893458312652
2014-10-20 08:43:16.556233,2253,1413808996.56,6723706193368,14160120705878,19336093696,151134208,130381020160,15971401728,32156667904,20592329736,20640885400,7247799051567,6912500806355
2014-10-20 08:43:26.706488,2263,1413809006.71,6743139595929,14199778777470,19548954624,151150592,130672327680,15967453184,32154660864,20663584894,20831743053,7267521864631,6932415183372
2014-10-20 08:43:36.835853,2274,1413809016.84,6762950214505,14239755113491,19729444864,151166976,131029363712,16090288128,32149032960,20731504508,21001896120,7287679199492,6952260239515
2014-10-20 08:43:46.995732,2284,1413809027.0,6782969716013,14279872232602,19834015744,151183360,131492015104,16053563392,32147283968,20795716063,21203983081,7308005965401,6972065288935
2014-10-20 08:43:57.155699,2294,1413809037.16,6802900950329,14317957218564,19860996096,151207936,132108229632,16126230528,32142082048,20842747226,21384329956,7328173486868,6989918348696
2014-10-20 08:44:07.285616,2304,1413809047.29,6821483194111,14356895158859,19893026816,151228416,132750855168,16114565120,32169287680,20970376162,21459782140,7347058846835,7010000321628
2014-10-20 08:44:17.436380,2314,1413809057.44,6841533093884,14397505492972,19903315968,151257088,132974939136,16070066176,32150872064,21169799419,21525706633,7367431430534,7030244124148
2014-10-20 08:44:27.565368,2324,1413809067.57,6860913083661,14434745949825,19903512576,151281664,133667814400,16112435200,31296262144,21270156230,21609647597,7387124249515,7047748358636
2014-10-20 08:44:37.695386,2334,1413809077.7,6880511392048,14468207472401,19921657856,151306240,133929364480,16293670912,31471321088,21401498191,21659089457,7406908295302,7061461194424
2014-10-20 08:44:47.825788,2345,1413809087.83,6895587461695,14503691792788,20022706176,151343104,134503873536,15575928832,31374118912,21579630126,21689242779,7422182650714,7081655896846
2014-10-20 08:44:57.975865,2355,1413809097.98,6906756768866,14535168270255,20147806208,151371776,134667807744,14564769792,30710292480,21679801979,21760822439,7433526828783,7101849949830
2014-10-20 08:45:08.135130,2365,1413809108.14,6925328188214,14574097500850,20305190912,151388160,135045422080,15060475904,31482957824,21732627397,21879287008,7452216738715,7122049095318
2014-10-20 08:45:18.285875,2375,1413809118.29,6945215706940,14611711389800,20497276928,151404544,135475112960,15465463808,31140511744,21807789597,21998310172,7472303127883,7139594200660
2014-10-20 08:45:28.445798,2385,1413809128.45,6964584363014,14646958524218,20714110976,151429120,135578201088,15858343936,31670865920,21866846669,22141191620,7491777248816,7155352591626
2014-10-20 08:45:38.592039,2395,1413809138.59,6984591241504,14686830115567,20897447936,151445504,135958862848,16159662080,32141287424,21971199807,22248752517,7511947723014,7175077343968
2014-10-20 08:45:48.731971,2405,1413809148.73,7004386132204,14725724033407,21090541568,151470080,136236502016,16190791680,32148328448,22044918688,22381134024,7531995067086,7193924426704
2014-10-20 08:45:58.885946,2416,1413809158.89,7024450404831,14765937391666,21199073280,151486464,136707132416,16243617792,32145289216,22095398240,22516119520,7552313871997,7213797214335
2014-10-20 08:46:09.044685,2426,1413809169.04,7044270951360,14805825091178,21285588992,151506944,137264995328,16257654784,32149524480,22157536702,22671104275,7572410427055,7233627487017
2014-10-20 08:46:19.195014,2436,1413809179.2,7064294156761,14846302391464,21346541568,151531520,137683110912,16226103296,32147718144,22235991513,22950022248,7592725161186,7253759855646
2014-10-20 08:46:29.347429,2446,1413809189.35,7083308506988,14885059747211,21427904512,151556096,138057718784,16141271040,32143478784,22398101836,23017009952,7612017973042,7273212435199
2014-10-20 08:46:39.495059,2456,1413809199.5,7103335023797,14925613607487,21512421376,151572480,138473176064,16057638912,32142028800,22650918804,23050199215,7632341142097,7293430516272
2014-10-20 08:46:49.613494,2466,1413809209.61,7122545591768,14963138696578,21512716288,151597056,139178142720,16016510976,32140419072,22772921136,23128042940,7651901033449,7311405433276
2014-10-20 08:46:59.745097,2476,1413809219.75,7142342656199,14999271304165,21513097216,151625728,139439946752,16135176192,31271575552,22879131162,23190561973,7671923772766,7327495071714
2014-10-20 08:47:09.884974,2487,1413809229.89,7161014024142,15034479883469,21574701056,151646208,140039302144,15394959360,31030923264,23039243615,23232741345,7690785742386,7343860214249
2014-10-20 08:47:20.034143,2497,1413809240.03,7168631550831,15062054380958,21701324800,151695360,140458765312,14459617280,30490533888,23186724516,23267437214,7698487630384,7363673049735
2014-10-20 08:47:30.166001,2507,1413809250.17,7186840392846,15100335697227,21897539584,151715840,140835478528,14930501632,31324000256,23247938779,23431856675,7716933310045,7383565697095
2014-10-20 08:47:40.313545,2517,1413809260.31,7206026858521,15139797957511,22070812672,151728128,140943084544,15261114368,31856500736,23315472527,23587426094,7736298187754,7403688945031
2014-10-20 08:47:50.453055,2527,1413809270.45,7226182612421,15175995080577,22228725760,151752704,141350439936,15524741120,31381245952,23376053060,23676763075,7756622255610,7419580460997
2014-10-20 08:48:00.604640,2537,1413809280.6,7246160402870,15213283122031,22381498368,151777280,141721553920,15924056064,31910629376,23471420680,23793716265,7776715016272,7436745775551
2014-10-20 08:48:10.744951,2547,1413809290.75,7266064114225,15251760341574,22534258688,151801856,142015626240,16013692928,32157208576,23553643187,23888997811,7796808728510,7455123898154
2014-10-20 08:48:20.902730,2558,1413809300.9,7286162809289,15292016584319,22673207296,151818240,142380444672,16067596288,32142213120,23598778250,24035234298,7817159745946,7475027098576
2014-10-20 08:48:31.053433,2568,1413809311.05,7306096907112,15332019970324,22801113088,151830528,142569704448,16078336000,32138268672,23665887071,24222705516,7837381936702,7494862173191
2014-10-20 08:48:41.186884,2578,1413809321.19,7325646345649,15370970995624,22917238784,151855104,143219915776,16086806528,32151552000,23736597712,24383036975,7857162850210,7513924033781
2014-10-20 08:48:51.313799,2588,1413809331.31,7345117085606,15409607829508,22997479424,151871488,143826926592,16113872896,32141455360,23829106205,24463796450,7876940504736,7532850290195
2014-10-20 08:49:01.456259,2598,1413809341.46,7363823905303,15448131481661,23103496192,151896064,144002690048,16051642368,32141402112,24033888785,24599832407,7895915664387,7552380847251
2014-10-20 08:49:11.582344,2608,1413809351.58,7381854233319,15483899927948,23103664128,151924736,144667700224,15972810752,32140165120,24194877161,24639320507,7914243161894,7569751562401
2014-10-20 08:49:21.722868,2618,1413809361.72,7400755048783,15522275613753,23103729664,151941120,145156783104,15973064704,32132927488,24288973160,24732259664,7933496234365,7588983592127
2014-10-20 08:49:31.863144,2629,1413809371.86,7420948794497,15557321678159,23103827968,151969792,145447009280,16096735232,31155245056,24404773139,24792473675,7953910733163,7603545084900
2014-10-20 08:49:42.042381,2639,1413809382.04,7436564665129,15588162236755,23161581568,152002560,146016123904,15108972544,30678720512,24548760967,24839249183,7969745570843,7618586814427
2014-10-20 08:49:52.174414,2649,1413809392.17,7449367043435,15621108216165,23239155712,152027136,146392505344,14601502720,30480011264,24651576455,24932488985,7982689006819,7638546223438
2014-10-20 08:50:02.313685,2659,1413809402.31,7468914938558,15659610866209,23356477440,152043520,146769562624,14793494528,30969298944,24769348519,25123032310,8002428655354,7657368679191
2014-10-20 08:50:12.454144,2669,1413809412.45,7487699704875,15698660698207,23490228224,152059904,147036720128,15173713920,30643417088,24915829398,25304393644,8021395008108,7677443037669
2014-10-20 08:50:22.652706,2679,1413809422.65,7502451704631,15729278871376,23511465984,152092672,147200564224,15511326720,31052435456,25024145510,25472774168,8036274492033,7693193136247
2014-10-20 08:50:32.819031,2690,1413809432.82,7513235613882,15751077404931,23520849920,152100864,147831581696,15658717184,31338512384,25094181211,25542281792,8047225519411,7703907630319
2014-10-20 08:50:43.003349,2700,1413809443.0,7523883444435,15772418434818,23530582016,152109056,148392520704,15725977600,31457710080,25156514070,25605526399,8058139848285,7714377209400
2014-10-20 08:50:53.142488,2710,1413809453.14,7533628662488,15792438986017,23538970624,152117248,149178256384,15799451648,31594041344,25213391179,25666183734,8068118551131,7724451403306
2014-10-20 08:51:03.292489,2720,1413809463.29,7542852450208,15811426806129,23549378560,152133632,149328002048,14850985984,29770825728,25269950737,25724324602,8077460330341,7734034490975
2014-10-20 08:51:13.482371,2730,1413809473.48,7546339328746,15818590889288,23562383360,152182784,149599624192,13458055168,27105017856,25269974941,25724336504,8081139676201,7737523019179
2014-10-20 08:51:23.653443,2740,1413809483.65,7547812970911,15821847228332,23569559552,152182784,149741575168,5083418624,9747894272,25269985930,25724343290,8082763023014,7739150266767
