22236 4734 19291 6348 7381 2164
45792 6993 46052 6661 6392 1470
46114 6348 46373 6348 4428 2167
46436 6993 46695 6025 4767 1746
47338 6348 47016 6025 5418 2579
9922 837 8619 2459 4104 1470
46436 6993 46052 6993 4103 3834
19948 5386 17370 4734 4103 4945
22204 6348 43468 6670 4105 2027
47079 7651 45730 6993 4104 4107
22538 6348 43468 7651 3777 4248
22236 6033 18673 6670 4428 4249
46436 7328 44111 7328 4429 2027
46695 6993 45730 7328 6064 4392
47401 6993 45730 6670 4766 2029
22508 6356 18350 6025 4429 4247
50644 6670 18647 6670 4766 4249
47079 6670 45409 6670 4106 1884
45792 6025 45730 7973 5090 2167
47079 5702 45730 6670 3778 1607
9935 3108 18673 7651 5093 4390
21913 6339 44171 6993 3779 4808
47401 6025 45409 6348 5739 1746
46758 6670 46695 7328 4104 1747
11842 6025 18324 6348 4430 4249
30955 4734 44754 6670 5091 1883
43205 6670 25774 4734 4429 2029
46114 6670 46695 6025 3780 3556
45470 6025 18969 6670 3782 4666
23216 3758 18350 6348 5742 4250
44814 6348 46052 6025 5419 2167
45792 6025 44754 6348 3778 2442
47079 6670 46695 7973 5092 3416
21882 5056 42883 4734 4427 2166
14149 3112 8631 6348 4767 4111
46758 6025 44433 6025 4104 1747
34512 5702 43790 6670 4430 3145
20915 4734 46436 7651 5094 1470
21882 6993 44433 5702 4431 3833
47401 6670 46373 6670 5742 2029
44171 6025 17680 6016 4105 4534
43527 6025 45076 6670 3779 2028
21237 5702 44111 6670 5413 4249
31277 5063 18673 6670 5091 4247
44171 6348 43790 6348 4104 3278
47079 6025 44754 6993 4105 1745
46436 6670 44754 6670 4767 2167
46114 6348 47016 6670 5090 4109
42227 5702 44754 5056 11941 3554
15777 3758 8631 5379 6396 2999
21590 4405 18350 4405 3779 4531
43849 6025 44754 6348 4428 1884
21823 6356 19642 6348 4431 4390
18324 5063 17345 6993 5094 4247
30632 5379 27063 6670 5093 3964
46114 6670 46052 6670 5418 2029
22204 6033 20593 6339 4767 4248
21560 5056 43205 5702 3454 4109
46758 6348 44433 6348 4430 1193
46758 5702 46373 7328 5092 2441
46436 7651 47016 6670 4428 2027
22236 6033 17705 3112 3780 4250
17370 7003 15734 6983 4768 2443
47401 5702 46373 6348 5090 3553
44492 6670 43790 6025 6067 2719
45470 6348 46052 7651 4766 1885
46373 6348 46373 6025 4432 1885
11875 1161 8942 2789 4430 4390
20915 6993 18647 6348 5090 4380
45792 6025 47016 6348 5089 1886
44814 7651 44111 6993 4105 1884
47079 6993 45076 6025 5414 2720
46436 6348 43468 7328 5095 4108
21267 4399 19614 7338 4431 4530
44171 5702 45409 6348 5415 2580
46114 6670 46695 6670 4765 2580
45792 6025 44754 6993 6064 1606
30955 4399 43849 6025 4104 4669
22861 7328 18350 5063 5095 4108
44814 6993 44111 6993 3779 2029
47016 6993 46052 6670 4764 2027
46758 6348 47659 7651 4428 2443
21560 6348 44433 6025 4104 2306
13162 1807 8942 4082 4428 4393
30632 5056 42883 6670 5090 2304
22236 7651 44111 6661 5743 4107
44814 6025 45409 6348 3780 1331
47079 6348 46052 7651 5417 3277
20622 4740 17370 6033 4430 4528
46114 6025 46052 7651 4104 1887
20270 7003 21590 6348 5415 3970
22571 6348 18350 4405 4430 4108
46052 6348 46373 6670 5089 1609
43527 6348 46052 7317 4764 2305
47401 6670 45730 7651 4767 1884
43849 5056 18969 5379 4430 3695
44814 6348 44754 6993 3778 1746
46114 6025 43468 5702 3778 2028
45792 6025 29009 5702 6063 2167
17047 3112 8929 6993 4432 2996
44171 6348 44754 6993 4764 2165
46114 6670 44111 7328 4429 1747
19642 6670 18350 5379 5090 4667
45409 6025 44754 5379 4429 2305
45470 5379 44754 5702 4428 2164
45136 6348 44111 4399 4767 2304
44171 6348 45076 6670 5739 2029
45470 6348 43790 6993 6393 1885
43527 7973 46373 6348 4104 3555
46114 6348 41528 6025 5092 2031
46758 6670 41905 6993 4767 2583
44814 6348 45730 6993 4104 4109
41262 6670 44111 7328 4431 4388
43790 6348 45409 6983 4429 1886
44171 5702 45730 6348 4104 2719
48379 6670 45409 6348 5741 3966
46114 7651 45409 7328 5414 2167
45470 5379 45076 5702 4428 4250
39962 6025 45076 6670 4764 3967
45470 6348 44111 6025 5418 4102
46052 6025 42825 6993 4429 2721
46114 6348 44754 6348 4763 2441
45470 6025 45409 6993 5092 4527
45076 6025 42825 6025 4430 4109
46436 6025 43147 6348 5089 1747
42549 6025 46695 6670 4428 1883
46114 6993 47016 6993 4431 3964
45470 7651 46373 8619 5414 4111
46436 6670 45409 6993 4103 3966
47016 7651 45409 6025 4767 3415
46758 6348 46695 5702 4429 4251
45470 6348 46052 6670 4767 1886
42549 6993 48314 8942 4767 4387
46114 6993 46052 6670 5090 2444
46436 6025 44754 6670 4429 3691
46114 6670 45730 6348 4429 1882
46758 6993 46373 6670 4430 3693
44492 6993 44111 7328 6390 2304
47401 6348 45409 6348 7036 1886
45409 6670 46052 7328 4430 3971
47338 6348 46695 6348 5415 4245
46436 6348 46373 7328 5090 3692
46758 5702 47338 7328 4767 4386
45792 6348 47016 6993 5089 3692
45792 5702 45076 6670 4428 4103
47338 6025 45409 6025 6717 3552
47079 6348 46052 6670 5090 3966
45792 6670 45076 6348 4764 1746
47659 5702 44754 6025 5090 3829
45470 6025 46052 6348 4766 1747
45136 5702 45730 6993 5415 2442
44171 6348 43790 6025 4104 4387
46114 6025 45076 6348 6389 1609
46436 6348 46052 6348 3455 3970
44814 6993 46373 6661 4103 4386
46436 6348 44433 6025 5092 4252
46114 6993 42492 6025 3779 2720
45470 6348 44754 9265 3780 3139
46758 5702 45730 6993 5091 4106
46436 9265 46373 8284 5092 3695
46436 6993 47016 6993 5092 1469
46758 6025 47016 7328 5091 3415
46436 6348 44754 7651 5415 3276
46436 6025 44754 6993 4768 2168
44814 5702 45730 6025 4764 2444
48314 7328 47993 7328 4764 4388
44814 6348 45409 6661 3778 3276
44433 6025 46373 6983 4766 4107
41905 6348 46052 5702 4104 1884
22571 6025 18028 4740 4429 4664
45136 6348 46373 7651 4102 2306
46695 6993 45076 6670 4103 3971
45470 6025 44433 6025 5418 4113
43205 6025 46373 6993 4430 1884
46436 6025 43790 6993 6066 3556
46114 6025 44433 6993 5092 4387
42549 6025 46052 5702 3778 2721
43790 6025 46052 6670 5090 2578
47079 6993 44754 5702 4104 2166
45136 7651 45730 6993 5090 2443
46758 6670 47016 6348 5092 3693
46758 7328 42825 6025 5413 3552
46758 6025 46695 6670 5089 1747
46436 5702 43468 6025 4429 2167
45792 6670 46695 6025 4105 2716
45470 7973 44111 7651 7039 2307
43849 6670 42825 6670 5091 4112
46436 6348 44433 6339 3778 2302
46114 6025 46373 7328 3778 4389
44171 6025 44433 6670 6714 2167
47079 6348 46373 6025 5738 4245
47079 6025 41206 7651 4428 2304
45792 6348 41849 7317 4766 3833
44171 7973 46052 7328 5090 2027
46114 6983 46695 5372 5092 3969
45792 5702 46052 6670 4428 4110
45792 6348 45409 6025 4428 1609
46114 5702 45409 6348 3779 2027
45792 6348 44111 6025 4102 4391
44171 4734 44111 6025 9322 1747
44171 6348 44433 5702 4428 3140
42883 5702 45409 6348 4429 4107
46758 6348 43790 5702 4766 2443
47723 6670 46052 7328 4765 3832
45792 7328 46695 6993 5415 2859
47016 6348 46373 7651 4765 2441
44814 6348 46052 6993 4762 2716
44814 6348 45730 6348 6066 2029
45792 5702 46373 7328 5091 4252
38031 6348 45730 6348 6068 4252
44171 5379 43147 6348 4103 1469
45136 6348 46052 6993 4428 4387
44492 6025 45409 6025 4430 1885
44492 5702 45409 6348 4429 2304
46114 6025 45409 6348 5091 2168
42549 6025 45730 6025 5089 1747
43849 6348 47338 6348 5092 1747
47723 8296 43790 6993 7703 1884
45792 7328 44111 7651 4104 4391
46436 6993 45409 7328 3778 3413
45792 5702 43790 5702 4767 2029
46436 6348 43790 6993 4767 4106
46114 6670 46373 5702 4429 2860
46436 6025 46373 6348 4103 4249
43849 5702 45409 6670 5744 4107
46758 6025 47338 5702 4768 4250
47079 6348 44754 6993 4103 1748
44171 6670 46373 6670 4105 3832
47016 6670 46695 6025 4429 3829
44492 6348 46695 6348 4765 4661
46436 6348 47016 6348 5416 3828
47338 6993 46052 6670 5740 2304
45076 6993 46695 6670 5089 2442
47401 5702 44754 7328 5741 1746
46436 6348 46373 6670 5740 2029
47723 5702 46695 6348 4105 2305
46436 6025 45730 6670 4765 2303
47016 6348 46052 6348 5088 2304
47401 6348 47016 7328 4103 4107
45136 6025 46695 6670 4767 2164
45470 6348 46373 7973 5092 2029
45136 6025 46373 6670 5092 4667
45470 6348 44754 6348 5415 1885
42227 4734 46695 5702 4766 4253
42883 6348 45409 6025 4428 2582
47016 6670 45409 6670 5417 4667
44171 6993 43790 6348 4428 4252
45136 5702 46373 7651 5417 2166
46436 6025 45409 6025 4428 4391
46758 5702 46695 6348 4428 1608
47079 6025 45730 6993 4766 1747
46052 6348 46953 13143 4765 1469
47659 11842 45730 9908 4103 3964
45792 6348 46695 6670 4765 4391
46436 6348 45409 6348 3779 2167
44814 6348 44754 4734 4431 2166
45792 5702 45730 6348 5090 1885
46436 6348 43790 7328 3778 3967
46436 5702 45409 6348 5092 1886
45730 6348 42171 6025 4430 2304
46114 7651 46052 6670 5416 3828
47401 6025 46695 6348 4766 4800
45792 6348 20270 6993 5091 1746
22204 5702 43849 6348 4428 2581
21560 5056 45409 4734 4105 2442
44111 6993 19291 5379 5415 3832
13162 1161 18673 6670 3780 1748
20622 5063 27720 6670 12592 2306
11842 4399 18350 4082 3778 1609
