1411712928.94,317352835289,235394010296,340285021459402,95162368,3145728,1658756096,92323840,1015808,1126424576,593264640,2915274752,3091310,2706835,2554919,2960399,321916729958970,18368301189347,0.00,0.00,0.00,0.00,0.39,0.20
1411712933.95,324168954218,235458987669,340298776793392,95162368,3244032,1659014144,92323840,1015808,1323835392,595533824,3114299392,3300104,2727220,2566165,3156776,321929352262852,18369433295799,0.38,0.00,0.54,0.06,0.43,0.19
1411712938.96,325981921266,235504825663,340308054654118,95162368,3252224,1659423744,92323840,1015808,1293565952,593649664,3082014720,3301841,2729224,2567883,3158362,321938097567857,18369970158518,0.02,0.00,0.21,0.09,0.42,0.19
1411712943.96,330348899596,238187671132,340322072060305,95162368,3309568,1660161024,92323840,1015808,1332551680,690450432,3217833984,3426681,2798686,2638121,3284400,321949698732150,18372385333147,0.08,0.00,0.38,1.11,0.41,0.21
1411712948.97,336675121397,244072379474,340341192855008,95162368,3411968,1661058048,92323840,1032192,1335926784,692236288,3223433216,3555778,2932849,2773788,3415645,321964866610540,18376326903457,0.11,0.02,0.42,1.49,0.41,0.21
1411712953.98,341124378276,248391274534,340356856330570,95162368,3477504,1661574144,92323840,1040384,1393577984,746307584,3334819840,3622818,3005191,2847161,3484384,321977875137353,18378987520238,0.13,0.02,0.34,1.62,0.42,0.22
1411712958.99,345912029855,253049408052,340373522824905,95162368,3563520,1662901248,92323840,1056768,1341722624,696143872,3232526336,3749758,3136452,2979521,3612721,321991220591365,18382302272226,0.06,0.01,0.36,1.41,0.42,0.22
1411712963.99,352119279100,258936293342,340392420082545,95162368,3661824,1663491072,92323840,1073152,1339613184,698732544,3233390592,3878664,3271802,3116291,3743691,322006172167896,18386254332046,0.17,0.03,0.42,1.49,0.41,0.22
1411712969.0,356515088599,263154067344,340407935607275,95162368,3731456,1665952768,92323840,1081344,1399107584,751267840,3344855040,3945659,3343754,3189232,3812343,322019492649828,18388467771450,0.03,0.00,0.33,1.91,0.42,0.22
1411712974.01,361119311852,267605742312,340423885930166,95162368,3817472,1666944000,92332032,1097728,1343315968,700899328,3239424000,4072449,3474791,3321368,3940530,322032335537375,18391556628387,0.09,0.02,0.36,1.44,0.41,0.22
1411712979.01,367391597020,273683131468,340442997426047,95162368,3915776,1668738048,92336128,1114112,1345232896,701501440,3241152512,4268030,3611249,3459246,4138175,322046251928159,18396750114327,0.05,0.01,0.45,1.17,0.42,0.22
1411712984.02,371797440225,278089893436,340458789888573,95162368,3985408,1669856256,92336128,1122304,1396817920,753598464,3345166336,4335094,3683214,3532242,4206938,322057420490230,18401369520264,0.06,0.01,0.39,0.95,0.42,0.23
1411712989.03,376935158127,280513877727,340473447715933,95162368,4055040,1671015424,92336128,1138688,1344159744,605163520,3144323072,4457713,3752654,3601719,4329605,322068970884949,18404477710160,0.06,0.01,0.44,0.78,0.43,0.19
1411712994.04,379869182988,280544011091,340483717127929,95162368,4091904,1672879104,92336128,1138688,1335181312,604192768,3134545920,4458970,3755819,3604466,4330379,322078237455160,18405480827236,0.02,0.00,0.32,0.03,0.43,0.19
1411712999.04,380548838597,280592615667,340492041163818,95162368,4108288,1674292224,92336128,1138688,1148366848,602664960,2946097152,4505928,3760705,3607306,4371727,322086467015193,18405588550819,0.01,0.00,0.08,0.45,0.39,0.20
1411713004.05,388422586100,280639930224,340506741908461,95162368,4210688,1677978624,92336128,1138688,1251770368,603607040,3050168320,4706150,3773783,3618340,4569561,322099316749924,18407443226922,0.03,0.00,0.61,0.03,0.41,0.20
1411713009.06,391361271482,280693628100,340517029246388,95162368,4222976,1678408704,92336128,1138688,1251938304,602509312,3049410560,4708451,3775512,3619675,4571503,322108838923974,18408190821392,0.03,0.00,0.31,0.07,0.41,0.20
1411713014.07,398690725899,288106332628,340538724019763,95170560,4222976,1678412800,92336128,1138688,1674088448,1035747328,3904569344,4717896,3784378,3630093,4583344,322126955352769,18411768666994,2.00,0.00,0.40,2.07,0.43,0.27
1411713019.07,409610568916,299594837019,340568018668054,95170560,4239360,1682541568,92336128,1155072,1771687936,1123188736,4096741376,4725555,3792687,3640521,4594250,322147843976787,18420174989398,0.00,0.00,0.52,1.37,0.43,0.27
1411713024.08,419521818748,309066638679,340593780675000,95170560,4259840,1683397632,92340224,1175552,1867575296,1211047936,4280819712,4735618,3804190,3654043,4607492,322169243948151,18424540243849,0.02,0.03,0.46,2.17,0.44,0.28
1411713029.09,423688276938,313135035795,340608790042159,95170560,4284416,1684016128,92340224,1200128,1569804288,912646144,3685138432,4747171,3819030,3669509,4620395,322181488124972,18427333339137,0.04,0.04,0.34,1.46,0.43,0.25
1411713034.1,429824252209,319434901740,340628050116517,95170560,4308992,1684569088,92340224,1224704,1472176128,826843136,3501547520,4757389,3830500,3681823,4631509,322194390093342,18433662202892,0.04,0.04,0.48,1.00,0.42,0.24
1411713039.1,438108542973,327341632497,340650885767024,95170560,4333568,1685085184,92340224,1249280,1471881216,827822080,3501920256,4769571,3844842,3697651,4645921,322212582666363,18438303342719,0.05,0.05,0.46,1.70,0.42,0.24
1411713044.11,445653511877,334806252719,340672504820244,95170560,4341760,1687170048,92340224,1257472,1899778048,1251303424,4353609728,4778983,3856226,3710521,4657563,322228495704878,18444009115366,0.00,0.00,0.47,1.31,0.44,0.29
1411713049.11,454185663108,343015577923,340695989520988,95170560,4366336,1689172992,92340224,1282048,1912492032,1252368384,4366970880,4857604,3870909,3726793,4738533,322245342733492,18450648893169,0.01,0.01,0.51,1.24,0.44,0.29
1411713054.12,460702108206,349562829068,340715831088436,95170560,4390912,1689611264,92340224,1306624,1898192896,1227358208,4327899136,4866510,3882008,3739523,4749830,322261874823539,18453958802066,0.06,0.06,0.39,1.98,0.44,0.28
1411713059.13,463148032275,351887109779,340727775476864,95170560,4415488,1690008576,92340224,1331200,1502089216,827809792,3532922880,4874790,3893932,3751457,4758184,322269969374027,18457812176046,0.06,0.06,0.30,0.60,0.43,0.23
1411713064.14,464104146167,352721991296,340736708600104,95170560,4456448,1690246144,92340224,1339392,1509244928,827883520,3539304448,4888742,3911998,3769621,4772178,322277643339433,18459072365727,0.17,0.03,0.12,0.66,0.43,0.23
1411713069.14,468976402936,357401850029,340752929600042,95170560,4509696,1690729472,92340224,1359872,1493340160,789139456,3484708864,4896128,3924183,3782838,4781264,322291453600448,18461482419616,0.11,0.04,0.35,1.94,0.43,0.23
1411713074.15,470647152610,359260124695,340763505525065,95170560,4538368,1691540480,92340224,1368064,1530675200,828608512,3561312256,4940137,3973232,3831937,4825409,322300865654157,18462640789095,0.04,0.01,0.18,1.60,0.43,0.23
1411713079.16,476030762396,364375221571,340780512886438,95170560,4603904,1693215744,92340224,1384448,1496727552,790409216,3490004992,4949872,3987762,3847581,4836948,322314990188197,18465527723072,0.04,0.01,0.38,1.77,0.43,0.23
1411713084.16,477568674524,366228131488,340790992690971,95170560,4628480,1694047232,92340224,1392640,1526759424,838496256,3567529984,4984955,4026344,3886147,4872001,322324444543469,18466574728594,0.03,0.01,0.16,1.77,0.43,0.24
1411713089.17,481062632331,369057437901,340804020558329,95170560,4694016,1694424064,92340224,1409024,1518485504,806510592,3527663616,4999077,4051534,3911926,4887118,322334203833255,18469820932429,0.17,0.04,0.36,0.87,0.43,0.23
1411713094.17,483825756647,371716077725,340816536665105,95170560,4706304,1694833664,92340224,1417216,1517432832,802152448,3522125824,5002005,4056436,3917287,4890689,322343493246847,18473049501490,0.03,0.02,0.30,0.82,0.43,0.23
1411713099.18,486075783818,373817631348,340827668812058,95170560,4784128,1695230976,92340224,1425408,1558044672,838422528,3598798848,5053568,4112824,3973807,4942492,322352173059633,18475495787628,0.20,0.02,0.26,0.86,0.43,0.23
1411713104.19,491166971210,378520748600,340843993748900,95170560,4800512,1695833088,92340224,1441792,1522204672,799522816,3524300800,5123379,4121071,3983086,5014003,322366862590641,18477131193147,0.03,0.03,0.35,2.88,0.43,0.23
1411713109.19,493315505578,380943937082,340855581793039,95170560,4841472,1696324608,92340224,1449984,1556541440,833167360,3592122368,5170358,4170607,4032622,5060890,322376041653582,18479540139457,0.08,0.02,0.23,1.01,0.43,0.23
1411713114.2,498279969015,385861517975,340872036670251,95170560,4898816,1697119232,92340224,1470464,1514475520,796295168,3513610240,5177876,4182445,4045492,5070108,322389501877193,18482535881828,0.07,0.03,0.37,1.64,0.43,0.23
1411713119.21,499942758960,387673565428,340882699666519,95170560,4923392,1697618944,92340224,1478656,1554391040,832258048,3588722688,5224377,4230935,4094032,5116745,322397451741172,18485249644843,0.05,0.02,0.21,0.67,0.43,0.23
1411713124.22,502867373279,390513850840,340894845488753,95170560,4984832,1697963008,92340224,1490944,1534377984,810778624,3548028928,5232894,4244297,4108025,5126299,322407381990224,18487469088452,0.18,0.04,0.29,1.28,0.43,0.23
1411713129.22,505430765667,393054384896,340906877207008,95170560,4997120,1698356224,92340224,1503232,1526816768,801288192,3530858496,5236284,4251442,4115545,5130248,322418743518238,18488135379470,0.03,0.03,0.23,3.81,0.43,0.23
1411713134.23,509597431326,397151153548,340921556981985,95170560,5070848,1698835456,92340224,1515520,1520185344,795222016,3518042112,5288066,4309598,4174154,5182937,322429858266022,18491718229169,0.15,0.03,0.37,1.14,0.43,0.23
1411713139.23,512920602442,400126212524,340934572994812,95170560,5091328,1699490816,92340224,1527808,1528139776,797290496,3528232960,5290549,4314298,4179541,5186329,322440527706594,18494046231210,0.03,0.02,0.31,1.28,0.43,0.23
1411713144.24,515479300268,402326618828,340946248639994,95170560,5169152,1699933184,92340224,1536000,1565511680,834650112,3602423808,5337713,4370091,4235466,5233733,322448559322755,18497689317239,0.18,0.02,0.32,0.60,0.43,0.23
1411713149.25,520302088773,407164681905,340962572943336,95170560,5185536,1700776960,92340224,1552384,1528520704,796618752,3527565312,5341500,4378066,4244473,5239220,322461841560573,18500731429653,0.02,0.02,0.36,1.59,0.43,0.23
1411713154.26,522451692757,409689751176,340974069186198,95170560,5226496,1701059584,92340224,1560576,1565523968,834330624,3602325504,5388573,4427343,4293816,5286367,322471911618025,18502158548024,0.14,0.03,0.21,1.77,0.43,0.23
1411713159.26,527408949523,413229456628,340988957253290,95170560,5279744,1701334016,92340224,1581056,1530556416,757460992,3490988032,5395342,4438625,4305968,5294736,322485321232636,18503636551337,0.19,0.07,0.37,2.39,0.44,0.22
1411713164.27,529202186735,415634179083,340999595545987,95170560,5312512,1701882880,92340224,1585152,1570897920,815628288,3588923392,5426462,4478389,4345691,5325723,322494544809731,18505050799332,0.06,0.01,0.19,1.70,0.44,0.23
1411713169.28,534766032758,417423467327,341013529124019,95170560,5369856,1702218752,92340224,1601536,1525530624,760029184,3488436224,5447607,4498891,4365824,5346707,322505977395934,18507576161368,0.17,0.05,0.49,0.71,0.44,0.22
1411713174.28,536013576691,421462514901,341025358717406,95170560,5390336,1702988800,92340224,1609728,1549180928,795144192,3546767360,5525089,4520311,4388687,5426046,322515647122313,18509711595093,0.03,0.01,0.13,1.89,0.44,0.22
1411713179.29,539259809717,423672294415,341037541542466,95170560,5455872,1703373824,92340224,1617920,1526161408,831602688,3560808448,5570271,4562128,4430445,5471296,322525154314295,18512390244605,0.17,0.02,0.34,0.82,0.43,0.23
1411713184.3,542218202224,428515631242,341051700248475,95170560,5472256,1704143872,92340224,1638400,1530855424,802013184,3535736832,5574960,4569717,4439286,5477670,322538613157777,18513100386681,0.02,0.03,0.22,6.82,0.43,0.23
1411713189.3,544445354134,430337474450,341062636968824,95170560,5533696,1704487936,92340224,1646592,1562529792,837922816,3599478784,5622518,4619715,4489268,5525198,322547959318679,18514678415806,0.18,0.02,0.24,1.15,0.43,0.23
1411713194.31,549398608605,431626972343,341075917279472,95170560,5570560,1705040896,92340224,1662976,1441574912,649523200,3290767360,5628787,4631361,4500358,5531103,322558416507633,18517502655262,0.07,0.03,0.47,0.46,0.44,0.20
1411713199.31,551901217778,433663213076,341087697283579,95170560,5591040,1705405440,92340224,1671168,1436114944,616439808,3251781632,5631139,4635292,4504957,5534445,322568995049050,18518702234529,0.06,0.02,0.24,1.70,0.44,0.19
1411713204.32,554804985270,433716216334,341098172050666,95170560,5611520,1706675200,92340224,1671168,1247064064,613638144,3059945472,5676015,4640895,4507832,5572420,322578209080758,18519965353770,0.02,0.00,0.32,0.04,0.41,0.20
1411713209.33,554863417829,433740687013,341105852874194,95170560,5611520,1707449344,92340224,1671168,1246990336,613511168,3059740672,5676789,4642613,4509550,5573194,322585875707075,18519978029028,0.00,0.00,0.01,1.93,0.41,0.20
1411713214.34,554905563980,433760404325,341113531086280,95170560,5611520,1707600896,92340224,1671168,1246781440,613433344,3059462144,5677390,4643921,4510858,5573795,322593544805637,18519986346719,0.00,0.00,0.01,2.37,0.41,0.20
1411713219.34,554956170653,433782637639,341121192399768,95170560,5611520,1708882944,92340224,1671168,1246781440,613433344,3059466240,5677950,4645190,4512127,5574355,322601208784994,18519992861421,0.00,0.00,0.01,3.41,0.41,0.20
1411713224.35,555005161857,433807737047,341128837155531,95170560,5611520,1709149184,92340224,1671168,1246781440,613433344,3059470336,5678724,4646908,4513845,5575129,322608839812108,18519999903339,0.00,0.00,0.01,3.56,0.41,0.20
1411713229.36,555050499723,433827137372,341136469750284,95170560,5611520,1709263872,92340224,1671168,1246707712,613433344,3059474432,5679325,4648216,4515153,5575730,322616463002271,18520007685507,0.00,0.00,0.01,2.49,0.41,0.20
1411713234.36,555104378040,433849432175,341144204116187,95170560,5611520,1709620224,92340224,1671168,1246838784,613367808,3059548160,5679885,4649485,4516422,5576290,322624184982144,18520020079033,0.00,0.00,0.01,1.80,0.41,0.20
1411713239.37,555157015191,433872494750,341151951354109,95170560,5611520,1709665280,92340224,1671168,1246838784,613367808,3059564544,5680659,4651203,4518140,5577064,322631923994067,18520032013465,0.00,0.00,0.01,1.93,0.41,0.20
1411713244.38,555199962592,433892088468,341159658781345,95170560,5611520,1709681664,92340224,1671168,1246359552,613367808,3059499008,5681260,4652511,4519448,5577665,322639613646502,18520046697595,0.00,0.00,0.01,1.33,0.41,0.20
1411713249.38,555248848004,433915226431,341167348622396,95170560,5611520,1709714432,92340224,1671168,1246359552,613302272,3059437568,5681820,4653780,4520717,5578225,322647294342221,18520058660737,0.00,0.00,0.01,1.93,0.41,0.20
1411713254.39,555299826455,433939523331,341175026423323,95170560,5611520,1709976576,92340224,1671168,1246294016,613302272,3059441664,5682594,4655498,4522435,5578999,322654953906162,18520076435601,0.00,0.00,0.01,1.37,0.41,0.20
1411713259.4,555348031052,433959492746,341182720233327,95170560,5611520,1710009344,92340224,1671168,1248325632,613236736,3061420032,5683195,4656806,4523743,5579600,322662191546055,18520537155509,0.00,0.00,0.01,0.04,0.41,0.20
1411713264.4,555396215295,433982159850,341190442554341,95170560,5611520,1710009344,92340224,1671168,1248260096,613101568,3061219328,5683755,4658075,4525012,5580160,322669897706742,18520549708585,0.00,0.00,0.01,1.81,0.41,0.20
1411713269.41,555446506386,434005812990,341198097897051,95170560,5611520,1710033920,92340224,1671168,1248124928,613101568,3061088256,5684529,4659793,4526730,5580934,322677533424781,18520564688470,0.00,0.00,0.01,1.58,0.41,0.20
1411713274.42,555489403191,434026414631,341205736301579,95170560,5611520,1710050304,92340224,1671168,1248124928,613101568,3061092352,5685130,4661101,4528038,5581535,322685151415411,18520586280458,0.00,0.00,0.01,0.95,0.41,0.20
1411713279.42,555535395640,434047561257,341213377665275,95170560,5611520,1710087168,92340224,1671168,1248256000,613101568,3061104640,5685690,4662370,4529307,5582095,322692777802453,18520607402620,0.00,0.00,0.01,1.00,0.41,0.20
1411713284.43,555585582604,434071099019,341221042544209,95170560,5611520,1710197760,92340224,1671168,1260789760,613101568,3073638400,5686464,4664088,4531025,5582869,322700421910108,18520629202645,0.00,0.00,0.01,1.08,0.41,0.20
1411713289.44,555630739751,434090630097,341228731112728,95170560,5611520,1710255104,92340224,1671168,1260789760,613101568,3073646592,5687065,4665396,4532333,5583470,322708078996662,18520652181660,0.00,0.00,0.01,0.85,0.41,0.20
1411713294.45,555698221671,434111703320,341236482161663,95170560,5611520,1710308352,92340224,1671168,1277698048,613093376,3090350080,5687967,4667009,4533602,5584030,322715780960447,18520701689850,0.00,0.00,0.01,0.43,0.41,0.20
1411713299.45,555749491843,434135483182,341244176752189,95170560,5611520,1710328832,92340224,1671168,1277698048,613093376,3090358272,5688783,4668769,4535320,5584804,322723453096671,18520723816960,0.00,0.00,0.01,1.07,0.41,0.20
1411713304.46,555795760827,434155114780,341251868526308,95170560,5611520,1710349312,92340224,1671168,1285042176,613093376,3097956352,5689384,4670077,4536628,5585405,322731124163123,18520744363185,0.00,0.00,0.01,0.96,0.41,0.20
1411713309.47,555858494580,434177487410,341259561177675,95170560,5611520,1710373888,92340224,1671168,1285042176,613093376,3097972736,5689944,4671346,4537897,5585965,322738801155084,18520760400009,0.00,0.00,0.01,1.40,0.41,0.20
1411713314.48,555903947382,434200274650,341267254793472,95170560,5611520,1710459904,92340224,1671168,1298571264,613015552,3111424000,5690718,4673064,4539615,5586739,322746483489710,18520777025165,0.00,0.00,0.01,1.37,0.42,0.20
1411713319.48,555952616027,434221744468,341274919397625,95170560,5611520,1710517248,92340224,1671168,1298571264,613015552,3111428096,5691319,4674372,4540923,5587340,322754132150155,18520794663456,0.00,0.00,0.01,1.22,0.42,0.20
1411713324.49,555997246040,434244168768,341282587943275,95170560,5611520,1710636032,92340224,1671168,1313198080,613015552,3126059008,5691879,4675641,4542192,5587900,322761776949367,18520810993908,0.00,0.00,0.01,1.37,0.42,0.20
1411713329.5,556050054221,434267937377,341290292810226,95170560,5611520,1710676992,92340224,1671168,1313198080,613015552,3126079488,5692653,4677359,4543910,5588674,322769465386182,18520827631018,0.00,0.00,0.01,1.43,0.42,0.20
1411713334.51,556093291830,434287637005,341297966923509,95170560,5611520,1710693376,92340224,1671168,1313198080,613015552,3126083584,5693254,4678667,4545218,5589275,322777122070656,18520845012613,0.00,0.00,0.01,1.13,0.42,0.20
1411713339.51,556142991851,434310166642,341305661531275,95170560,5611520,1710713856,92340224,1671168,1313198080,613015552,3126091776,5693814,4679936,4546487,5589835,322784801822850,18520861523546,0.00,0.00,0.01,1.36,0.42,0.20
1411713344.52,556192551934,434333997233,341313354847835,95170560,5611520,1710795776,92340224,1671168,1313198080,613015552,3126091776,5694588,4681654,4548205,5590609,322792476919213,18520877928622,0.00,0.00,0.01,1.45,0.42,0.20
1411713349.53,556238570840,434353427826,341321034329296,95170560,5611520,1710828544,92340224,1671168,1313198080,613015552,3126108160,5695189,4682962,4549513,5591210,322800138045852,18520896283444,0.00,0.00,0.01,1.06,0.42,0.20
1411713354.53,556285649343,434382091625,341328712436489,95170560,5611520,1710849024,92340224,1671168,1314091008,613015552,3127009280,5695749,4684231,4550782,5591770,322807799747023,18520912689466,0.00,0.00,0.01,1.75,0.42,0.20
1411713359.54,556339859035,434406491799,341336385411859,95170560,5611520,1710947328,92340224,1671168,1314091008,613015552,3127017472,5696523,4685949,4552500,5592544,322815456551136,18520929112884,0.00,0.00,0.01,1.49,0.42,0.20
1411713364.55,556384047219,434426150135,341344073345244,95170560,5611520,1710967808,92340224,1671168,1324437504,613015552,3137462272,5697124,4687257,4553808,5593145,322823134720482,18520948934411,0.00,0.00,0.01,0.99,0.42,0.20
1411713369.56,556434727042,434448860476,341351768622510,95170560,5611520,1711000576,92340224,1671168,1324437504,613015552,3137474560,5697684,4688526,4555077,5593705,322830803040047,18520965846528,0.00,0.00,0.01,1.34,0.42,0.20
1411713374.56,556485954737,434472420833,341359473153476,95170560,5611520,1711115264,92340224,1671168,1324437504,613015552,3137478656,5698458,4690244,4556795,5594479,322838490433629,18520982719847,0.00,0.00,0.01,1.40,0.42,0.20
1411713379.57,556534359002,434494588713,341367150671751,95170560,5611520,1711143936,92340224,1671168,1324437504,613015552,3137490944,5699059,4691552,4558103,5595080,322846149997630,18521000837796,0.00,0.00,0.01,1.22,0.42,0.20
1411713384.58,556578928820,434517650825,341374813468558,95170560,5611520,1711143936,92340224,1671168,1324163072,613015552,3137495040,5699619,4692821,4559372,5595640,322852471659120,18522342047570,0.00,0.00,0.01,0.02,0.42,0.20
1411713389.58,556629761441,434538874599,341382423363715,95170560,5611520,1711164416,92340224,1671168,1324163072,613015552,3137507328,5700393,4694539,4561090,5596414,322857934613460,18524496022217,0.00,0.00,0.01,0.01,0.42,0.20
1411713394.59,556673175767,434558988270,341390017729375,95170560,5611520,1711229952,92340224,1671168,1325387776,613015552,3138732032,5700994,4695847,4562398,5597015,322863377146749,18526643268675,0.00,0.00,0.01,0.01,0.42,0.20
1411713399.6,556723523510,434581888927,341397636039211,95170560,5611520,1711279104,92340224,1671168,1325649920,613015552,3138744320,5701554,4697116,4563667,5597575,322868837308975,18528798786954,0.00,0.00,0.01,0.01,0.42,0.20
1411713404.61,556775556927,434605205730,341405249850163,95170560,5611520,1711414272,92340224,1671168,1325649920,613015552,3138748416,5702328,4698834,4565385,5598349,322874302071046,18530947779117,0.00,0.00,0.01,0.01,0.42,0.20
1411713409.61,556821353771,434626074471,341412874549293,95170560,5611520,1711447040,92340224,1671168,1325649920,613015552,3138748416,5702929,4700142,4566693,5598950,322879770089616,18533104580691,0.00,0.00,0.01,0.01,0.42,0.20
1411713414.62,556867709462,434649672064,341420518310631,95170560,5611520,1711467520,92340224,1671168,1325649920,613015552,3138756608,5703489,4701411,4567962,5599510,322885259885102,18535263401671,0.00,0.00,0.01,0.01,0.42,0.20
1411713419.63,556932000315,434673330870,341428181716857,95170560,5611520,1711492096,92340224,1671168,1325649920,613015552,3138772992,5704263,4703129,4569680,5600284,322890769883775,18537411986160,0.00,0.00,0.01,0.01,0.42,0.20
1411713424.63,556973975921,434692363408,341435833752429,95170560,5611520,1711492096,92340224,1671168,1325649920,613015552,3138772992,5704864,4704437,4570988,5600885,322896258581237,18539575229375,0.00,0.00,0.01,0.01,0.42,0.20
1411713429.64,557020957074,434718081888,341443488034991,95170560,5611520,1711569920,92340224,1671168,1325649920,613015552,3138781184,5705424,4705706,4572257,5601445,322901752183734,18541735924737,0.00,0.00,0.01,0.01,0.42,0.20
1411713434.65,557067509801,434741231959,341451136159484,95170560,5611520,1711672320,92340224,1671168,1325649920,613015552,3138781184,5706198,4707424,4573975,5602219,322907484342540,18543654044889,0.00,0.00,0.01,0.01,0.42,0.20
1411713439.66,557114038867,434761718308,341458810654068,95170560,5611520,1711729664,92340224,1671168,1325649920,613015552,3138793472,5706799,4708732,4575283,5602820,322913746006115,18545066623610,0.00,0.00,0.01,0.01,0.42,0.20
1411713444.66,557162082361,434784358971,341466515727162,95170560,5611520,1711770624,92340224,1671168,1325649920,613015552,3138797568,5707359,4710001,4576552,5603380,322920037012760,18546478831972,0.00,0.00,0.01,0.02,0.42,0.20
1411713449.67,557211691951,434808251730,341474222908278,95170560,5611520,1711791104,92340224,1671168,1325649920,613015552,3138809856,5708133,4711719,4578270,5604154,322926465833928,18547757176291,0.00,0.00,0.01,0.02,0.42,0.20
1411713454.68,557252225411,434827243979,341481798567296,95170560,5611520,1711791104,92340224,1671168,1325649920,613015552,3138809856,5708734,4713027,4579578,5604755,322934026603465,18547772198961,0.00,0.00,0.01,1.26,0.42,0.20
1411713459.69,557303500398,434848733338,341489397578855,95170560,5611520,1711811584,92340224,1671168,1325649920,613015552,3138822144,5710818,4716648,4580847,5605315,322941611786327,18547786853504,0.00,0.00,0.01,1.47,0.42,0.20
1411713464.69,557351988722,434872148461,341497003076130,95170560,5611520,1711942656,92340224,1671168,1325649920,613015552,3138822144,5711898,4718870,4582565,5606089,322949197549002,18547806498386,0.00,0.00,0.01,1.19,0.42,0.20
1411713469.7,557402246338,434892223073,341504691284288,95170560,5611520,1711979520,92340224,1671168,1325649920,613015552,3138830336,5713213,4721354,4583873,5606690,322956867015167,18547829409281,0.00,0.00,0.01,0.88,0.42,0.20
1411713474.71,557466091013,434914064442,341512398024772,95170560,5611520,1712004096,92340224,1671168,1325563904,613015552,3138834432,5715049,4723997,4585142,5607250,322964536800929,18547864855165,0.00,0.00,0.01,0.62,0.42,0.20
1411713479.71,557516082443,434939086427,341520170814980,95170560,5611520,1712045056,92340224,1671168,1325330432,613015552,3138850816,5715823,4725715,4586860,5608024,322972227140753,18547946333470,0.00,0.00,0.01,0.31,0.42,0.20
1411713484.72,557565836336,434958427161,341527836094563,95170560,5611520,1712057344,92340224,1671168,1323409408,613015552,3135221760,5717754,4728723,4588168,5608625,322979862843822,18547973250741,0.00,0.00,0.01,0.72,0.42,0.20
1411713489.73,557612766553,434981610661,341535544384582,95170560,5611520,1712102400,92340224,1671168,1323671552,613015552,3135234048,5718314,4729992,4589437,5609185,322987551074382,18547994803280,0.00,0.00,0.01,1.08,0.42,0.20
1411713494.74,557664656275,435004091943,341543196046665,95170560,5611520,1712225280,92340224,1671168,1323671552,613015552,3135234048,5719088,4731710,4591155,5609959,322995181118422,18548016704658,0.00,0.00,0.01,1.03,0.42,0.20
1411713499.74,557709138073,435024100177,341550879474192,95170560,5611520,1712299008,92340224,1671168,1323671552,613015552,3135238144,5719689,4733018,4592463,5610560,323002840976336,18548038669802,0.00,0.00,0.01,0.91,0.42,0.20
