1411747747.24,21765896821609,22696923979414,437935612922435,49365069824,209272832,296877952000,49497989120,381325312,5668777984,5179711488,11773755392,49290840254,49818432021,49818286016,49290707945,399136682319969,38798938196658,2.00,0.00,0.00,4.62,0.48,0.44
1411747752.24,21765933794561,22696940891910,437952145711143,49365135360,209272832,296877972480,49497989120,381325312,5668564992,5179711488,11773857792,49290841028,49818433739,49818287734,49290708719,399153193141233,38798962766300,3.20,0.00,0.00,0.69,0.48,0.44
1411747757.25,21765967096834,22696956413031,437968812066784,49365135360,209272832,296878029824,49497989120,381325312,5668704256,5179711488,11773890560,49290841629,49818435047,49818289042,49290709320,399169851289367,38798964655345,0.00,0.00,0.00,8.22,0.48,0.44
1411747762.26,21766008752711,22696973780861,437984820904231,49365266432,209272832,296878136320,49497989120,381325312,5669244928,5179711488,11774230528,49290842189,49818436316,49818290311,49290709880,399185838016635,38798982887596,1.23,0.00,0.00,0.95,0.48,0.44
1411747767.26,21766045212092,22696991782593,438001563388287,49365299200,209272832,296878267392,49497989120,381325312,5668573184,5179711488,11776802816,49290842963,49818438034,49818292029,49290710654,399202538566669,38799031069129,0.25,0.00,0.00,0.37,0.48,0.44
1411747767.72,21766160113553,22696992701492,438003316298419,49365749760,209272832,296878267392,49497989120,381325312,5673115648,5179711488,11783462912,49290853829,49818446034,49818292029,49290710654,399204109000320,38799208718507,0.00,0.00,0.00,0.00,0.48,0.44
1411747772.27,21770336199497,22697024056138,438021895755462,49371029504,209367040,296878365696,49497989120,381325312,5779820544,5180067840,11890016256,49291059882,49818458102,49818303129,49290915473,399221092313479,38800806747064,59.25,0.00,0.23,0.02,0.49,0.44
1411747772.73,21770626332966,22697027478544,438023666607258,49371181056,209367040,296878365696,49497989120,381325312,5796331520,5179944960,11906486272,49291060055,49818458512,49818303539,49290915646,399222746501075,38800932454701,56.21,0.00,0.24,0.02,0.49,0.44
1411747777.27,21773522269209,22697063023257,438041301381412,49371201536,209379328,296878861312,49497989120,381325312,5779533824,5180149760,11890487296,49291061405,49818459657,49818304398,49290916845,399235776923768,38805524457644,0.37,0.00,0.22,0.01,0.49,0.44
1411747777.73,21773528809697,22697064814793,438042688979208,49371201536,209379328,296878861312,49497989120,381325312,5779333120,5180149760,11890544640,49291061619,49818460106,49818304847,49290917059,399237165745613,38805526185160,0.07,0.00,0.20,0.01,0.49,0.44
1411747782.28,21777722737363,22700696660432,438065049600933,49371676672,209416192,296882891776,49498214400,381325312,5937934336,5317140480,12186628096,49291103755,49818496359,49818339524,49290951466,399256369160225,38808683032464,0.13,0.06,0.20,1.15,0.49,0.44
1411747782.74,21778731822552,22701767844749,438068571006004,49371709440,209428480,296883231744,49498214400,381325312,5968371712,5347377152,12247531520,49291105174,49818498132,49818341297,49290952885,399259715910201,38808855838990,0.13,0.05,0.23,1.41,0.49,0.44
1411747787.28,21782099249619,22705905603785,438091060344603,49372053504,209506304,296883903488,49498214400,381341696,5874839552,5276946432,12079206400,49291161366,49818559500,49818403872,49291010682,399279068846233,38812000143709,0.46,0.02,0.19,1.57,0.49,0.44
1411747787.75,21782466596034,22705915222402,438092895713029,49372381184,209506304,296884444160,49498214400,381341696,5902622720,5276942336,12106989568,49291162113,49818561195,49818405567,49291011429,399280721222850,38812195825837,0.62,0.01,0.18,1.24,0.49,0.44
1411747792.29,21788361793974,22712015126210,438119238749039,49372811264,209608704,296884591616,49498222592,381358080,5876121600,5276545024,12077015040,49291220273,49818624620,49818470214,49291071455,399303422499792,38815824989734,1.25,0.04,0.26,1.60,0.49,0.44
1411747792.75,21788367378742,22712018067723,438120837442787,49372811264,209608704,296884591616,49498222592,381358080,5876076544,5276332032,12078174208,49291220487,49818625069,49818470663,49291071669,399304996467831,38815844161116,3.61,0.17,0.24,1.67,0.49,0.44
1411747797.3,21792608922072,22715732983725,438143179364676,49373519872,209678336,296885332992,49498222592,381366272,5933572096,5314531328,12174123008,49291252167,49818661541,49818508015,49291104762,399323933775936,38819246337173,1.05,0.01,0.21,1.09,0.49,0.44
1411747797.76,21794040244898,22716747303725,438147012898477,49373519872,209682432,296885332992,49498222592,381366272,5972226048,5344788480,12243132416,49291252167,49818661541,49818508166,49291105048,399326938202504,38820074768823,1.06,0.01,0.26,1.12,0.49,0.44
1411747802.31,21797695142949,22721180295224,438169264012289,49373892608,209760256,296885754880,49498222592,381382656,5878763520,5278367744,12083380224,49291308893,49818722985,49818570511,49291162973,399345136453450,38824127558839,1.08,0.04,0.24,1.12,0.49,0.44
1411747802.77,21797988073332,22721181809849,438170921846947,49373892608,209760256,296885754880,49498222592,381382656,5901570048,5277855744,12105474048,49291308893,49818722985,49818570511,49291162973,399346594989263,38824345770053,1.07,0.04,0.20,1.04,0.49,0.44
1411747807.31,21803731865681,22727191520252,438196855869469,49374240768,209862656,296889232384,49498222592,381399040,5878378496,5278142464,12082528256,49291368094,49818787389,49818636335,49291224238,399369825767346,38827035734840,0.13,0.00,0.24,2.07,0.49,0.44
1411747807.77,21803735868862,22727194045612,438198395007935,49374240768,209862656,296889232384,49498222592,381399040,5878509568,5278019584,12082532352,49291368308,49818787838,49818636784,49291224452,399371304414225,38827090924168,0.13,0.00,0.23,2.19,0.49,0.44
1411747812.32,21808397338348,22731145696032,438221426205624,49374732288,209924096,296890108928,49498222592,381407232,5935116288,5311832064,12173647872,49291398568,49818822367,49818671539,49291255395,399388984650944,38832470069188,0.63,0.01,0.24,0.73,0.49,0.44
1411747812.78,21809465969108,22732148666483,438224872105887,49374732288,209932288,296890108928,49498222592,381407232,5965193216,5343408128,12234887168,49291399987,49818824140,49818673919,49291257632,399392017328392,38832857400309,0.64,0.01,0.28,0.86,0.49,0.44
1411747817.33,21813379916835,22736488944970,438247703535152,49374785536,210014208,296890526720,49498222592,381423616,5880999936,5279199232,12086308864,49291523148,49818886181,49818737059,49291382190,399409321067731,38838385661064,0.34,0.04,0.25,0.90,0.49,0.44
1411747817.78,21813626667218,22736490357483,438249374998991,49374785536,210014208,296890526720,49498222592,381423616,5902819328,5278343168,12107350016,49291523148,49818886181,49818737059,49291382190,399410898291659,38838478028624,0.32,0.04,0.22,0.77,0.49,0.44
1411747822.33,21819409888358,22742646990410,438275231413294,49375039488,210116608,296890944512,49498222592,381440000,5876764672,5277294592,12080164864,49291582020,49818950831,49818802931,49291442928,399431647007789,38843585240021,0.85,0.04,0.27,1.18,0.49,0.44
1411747822.79,21819413374876,22742649720118,438276695193319,49375039488,210116608,296890944512,49498222592,381440000,5876764672,5277294592,12080164864,49291582234,49818951280,49818803380,49291443142,399432522368317,38844183240466,0.85,0.04,0.27,1.08,0.49,0.44
1411747827.34,21823628033975,22746398647718,438299211719903,49375510528,210186240,296891739136,49498222592,381448192,5928087552,5313863680,12161040384,49291613975,49818987595,49818840077,49291475722,399450678316107,38848550958626,0.68,0.01,0.22,0.76,0.49,0.44
1411747827.79,21824728913107,22747345532313,438302641597515,49375510528,210186240,296891739136,49498222592,381448192,5958782976,5342519296,12220366848,49291613975,49818987595,49818840684,49291476540,399453490748910,38849161567844,0.68,0.01,0.25,0.94,0.49,0.44
1411747832.35,21828980314033,22752152149471,438326612787495,49375838208,210268160,296894852096,49498251264,381464576,5877633024,5280575488,12079460352,49291670379,49819048938,49818902928,49291534143,399473060914183,38853552789143,0.13,0.01,0.24,1.15,0.49,0.44
1411747832.8,21829107374029,22752153720080,438328277950563,49375985664,210268160,296895028224,49498251264,381464576,5893160960,5279657984,12093743104,49291670379,49819048938,49818902970,49291534185,399474367751265,38853912637761,0.17,0.01,0.21,1.01,0.49,0.44
1411747837.35,21835046492052,22757891957380,438354382186400,49376280576,210370560,296895360000,49498251264,381480960,5880160256,5279244288,12080726016,49291728731,49819113769,49818969221,49291594601,399496656240201,38857734342407,1.07,0.03,0.26,1.37,0.49,0.44
1411747837.8,21835050162960,22757898974327,438355761856022,49376280576,210370560,296895360000,49498251264,381480960,5880139776,5279244288,12080726016,49291728945,49819114284,49818969736,49291594815,399497918188155,38857851298995,1.20,0.05,0.25,1.46,0.49,0.44
1411747842.36,21839148941606,22761581207138,438378316651016,49376903168,210440192,296896125952,49498251264,381489152,5928833024,5312262144,12162187264,49291760519,49819150733,49819006453,49291627114,399516792856946,38861523836582,0.90,0.01,0.20,0.97,0.49,0.44
1411747842.81,21840197816327,22762443909444,438381626692849,49376903168,210440192,296896125952,49498251264,381489152,5953327104,5338595328,12213157888,49291760519,49819150799,49819007126,49291627932,399519590826680,38862036500587,0.90,0.01,0.24,1.09,0.49,0.44
1411747847.36,21844662691848,22767131593452,438405719511479,49377198080,210522112,296896506880,49498251264,381505536,5881364480,5280673792,12083089408,49291883060,49819212472,49819069832,49291751768,399538755746977,38866981490526,0.99,0.04,0.25,1.02,0.49,0.44
1411747847.81,21844786533806,22767137306195,438407392917814,49377271808,210522112,296896510976,49498251264,381505536,5896765440,5279653888,12097536000,49291883060,49819212472,49819069832,49291751768,399539906681427,38867487833250,1.17,0.04,0.23,0.86,0.49,0.44
1411747852.37,21850863955117,22773211638218,438434159854318,49377566720,210620416,296896855040,49498390528,381521920,5882097664,5391384576,12194852864,49291940757,49819252831,49819111413,49291811331,399559926521053,38874261115738,1.34,0.45,0.29,0.84,0.48,0.44
1411747852.82,21850871803784,22773286444356,438435584163473,49377566720,210624512,296896855040,49498390528,381521920,5882073088,5280989184,12084527104,49291942392,49819277756,49819136338,49291812966,399561100525246,38874489075898,1.15,0.45,0.29,0.88,0.49,0.44
1411747857.38,21855490349104,22777247479644,438458665264425,49377632256,210681856,296900271104,49498394624,381530112,5931831296,5311410176,12164833280,49291973197,49819312087,49819171027,49291844486,399580160589029,38878506977152,0.04,0.00,0.23,0.95,0.49,0.44
1411747857.83,21856557664562,22778139907743,438462028142051,49377644544,210690048,296900271104,49498394624,381530112,5960798208,5338075136,12220342272,49291974616,49819313860,49819173407,49291846723,399583135439388,38878893620704,0.04,0.00,0.26,1.10,0.49,0.44
1411747862.38,21860728211359,22782613761091,438485338513875,49377873920,210776064,296900811776,49498394624,381546496,5883830272,5283721216,12088803328,49292031214,49819375172,49819235620,49291904520,399603075079597,38882268482562,0.62,0.03,0.23,1.43,0.49,0.44
1411747862.83,21860827561605,22782618757731,438486912887437,49377873920,210776064,296900811776,49498394624,381546496,5898055680,5283336192,12102537216,49292031214,49819375172,49819235620,49291904520,399604332394637,38882584766154,0.58,0.03,0.20,1.21,0.49,0.44
1411747867.39,21867311829619,22788590636627,438513892317821,49377947648,210878464,296901471232,49498394624,381562880,5884616704,5279793152,12085895168,49292090346,49819440040,49819301842,49291965614,399625511056956,38888398221337,0.27,0.02,0.29,0.98,0.49,0.44
1411747867.83,21867315166490,22788597120167,438515423487427,49377947648,210878464,296901471232,49498394624,381562880,5884600320,5279793152,12085895168,49292090346,49819440172,49819301974,49291965614,399626843950507,38888579570023,0.27,0.02,0.29,1.00,0.49,0.44
1411747872.4,21871373000306,22792235592761,438537920611523,49378013184,210935808,296901884928,49498394624,381571072,5931556864,5316333568,12169396224,49292120859,49819474791,49819336861,49291996852,399645848140565,38892075303906,0.30,0.02,0.20,0.99,0.49,0.44
1411747872.84,21872357818275,22793107099420,438541145281112,49378013184,210944000,296901884928,49498394624,381571072,5958664192,5344956416,12225540096,49292122278,49819476564,49819339241,49291999089,399648626735395,38892520457989,0.32,0.02,0.23,1.14,0.49,0.44
1411747877.4,21876382056114,22797714349007,438564932369200,49378013184,211030016,296902282240,49501229056,381587456,5882912768,5285453824,12090093568,49292178903,49819537806,49819401540,49292057069,399667113093267,38897819772771,0.24,7.18,0.24,0.95,0.49,0.44
1411747877.85,21876473115184,22797721066804,438566547964773,49378013184,211030016,296902282240,49501462528,381587456,5894889472,5285191680,12101857280,49292178903,49819537806,49819401540,49292057069,399668080187082,38898468330877,0.22,7.76,0.21,0.78,0.49,0.44
1411747882.41,21882511531810,22803715084209,438593204965141,49378193408,211132416,296903113728,49506144256,381603840,5884583936,5291278336,12097093632,49292304008,49819603619,49819468617,49292184082,399687560584689,38905644412811,0.34,5.93,0.30,0.77,0.49,0.44
1411747882.85,21882515164031,22803731044250,438594743250192,49378193408,211132416,296903113728,49506512896,381603840,5884583936,5291556864,12097466368,49292304237,49819603940,49819468938,49292184311,399688923827783,38905823107605,0.34,6.09,0.29,0.82,0.49,0.44
1411747887.41,21886398998711,22807397146982,438617160503712,49378693120,211189760,296906812416,49511075840,381612032,5918445568,5329629184,12169732096,49292334259,49819638118,49819503826,49292215365,399706846249985,38910329552310,0.15,1.34,0.20,0.79,0.49,0.44
1411747887.86,21887371907793,22808292154099,438620418984972,49378693120,211197952,296906812416,49511444480,381612032,5946847232,5356060672,12224483328,49292335829,49819640177,49819506206,49292217602,399709565933448,38910856366709,0.15,1.34,0.24,0.91,0.49,0.44
1411747892.42,21891666912889,22812815622642,438644267491904,49378893824,211283968,296907189248,49513361408,381628416,5886001152,5298761728,12106219520,49292392364,49819701661,49819568591,49292275336,399728851872585,38915423714402,0.78,6.11,0.24,1.06,0.49,0.44
1411747892.86,21891674927036,22812819641228,438645794508104,49378992128,211283968,296907189248,49513361408,381628416,5886001152,5298761728,12106248192,49292392364,49819701661,49819568591,49292275336,399730147119083,38915660995304,1.02,5.13,0.21,0.94,0.49,0.44
1411747897.43,21897793456238,22818910788851,438672110429645,49379516416,211374080,296908012544,49513361408,381644800,5887610880,5402550272,12211404800,49292448924,49819741263,49819609217,49292333762,399752073519134,38920040493020,0.87,0.02,0.26,1.32,0.48,0.44
1411747897.87,21897804771175,22819175593117,438673868002230,49379516416,211386368,296908012544,49513418752,381644800,5887660032,5296046080,12104765440,49292451453,49819766758,49819634712,49292336291,399753124460306,38920748653548,0.76,0.09,0.27,1.25,0.49,0.44
1411747902.43,21901567002317,22823038826825,438696359785400,49380102144,211443712,296908418048,49516363776,381652992,5922013184,5327360000,12171030528,49292481772,49819800860,49819669524,49292367642,399769720188471,38926640873335,1.62,7.42,0.21,0.63,0.49,0.44
1411747902.88,21902557867438,22823945888492,438699673478229,49380134912,211451904,296908418048,49516613632,381652992,5952348160,5352845312,12226830336,49292483474,49819802919,49819671904,49292370011,399772526476073,38927150237380,1.69,7.90,0.24,0.75,0.49,0.44
1411747907.44,21906877836314,22828767090390,438723774324457,49380429824,211537920,296908786688,49521278976,381669376,5886717952,5302452224,12110733312,49292540198,49819863926,49819734010,49292428132,399791990300614,38931796707461,1.14,13.38,0.24,1.11,0.49,0.44
1411747907.89,21906881306910,22828774668692,438725344277976,49380429824,211537920,296908786688,49521651712,381669376,5886717952,5302812672,12111093760,49292540198,49819863926,49819734010,49292428132,399793513612454,38931833322784,1.03,13.71,0.21,1.03,0.49,0.44
1411747912.44,21912951520399,22834753952240,438751964654707,49381060608,211628032,296909626368,49526210560,381685760,5889486848,5410463744,12220903424,49292662616,49819903590,49819775094,49292552614,399815870671369,38936095252210,0.86,5.89,0.25,1.39,0.48,0.44
1411747912.89,21912981763927,22834972445285,438753742570010,49381093376,211640320,296909626368,49526587392,381685760,5889589248,5310889984,12121550848,49292665145,49819929320,49819800824,49292555143,399817252835742,38936490583365,0.91,5.90,0.26,1.33,0.49,0.44
1411747917.45,21917035840521,22838444525813,438775633969971,49381683200,211693568,296913542144,49531170816,381693952,5926232064,5341487104,12189556736,49292695271,49819963605,49819835861,49292586343,399833670944837,38941984154219,0.18,1.27,0.23,0.63,0.49,0.44
1411747917.9,21917965331810,22839235594789,438778741026839,49381715968,211705856,296913542144,49531424768,381693952,5954887680,5368152064,12244504576,49292696841,49819965664,49819838241,49292588580,399836196890362,38942544763293,0.18,1.24,0.26,0.70,0.49,0.44
1411747922.45,21923114192708,22844046266148,438803121472430,49382211584,211791872,296913947648,49535971328,381710336,5889740800,5319880704,12130770944,49292753502,49820027066,49819900742,49292646638,399856240441733,38946881640285,1.55,11.88,0.27,1.14,0.49,0.44
1411747922.91,21923118867137,22844053892797,438804694375119,49382211584,211791872,296913947648,49536466944,381710336,5889740800,5320306688,12131270656,49292753502,49820027066,49819900742,49292646638,399857412035071,38947283597813,1.43,12.47,0.24,1.02,0.49,0.44
1411747927.46,21926236303635,22847105353247,438825522789877,49382899712,211832832,296914267136,49541013504,381718528,5795807232,5314822144,12032716800,49292780555,49820035464,49819909557,49292674292,399872149920160,38953372949164,2.28,15.81,0.20,0.47,0.48,0.44
1411747927.91,21926244753789,22847189107001,438827171010964,49382899712,211849216,296914267136,49541386240,381718528,5796171776,5317365760,12035317760,49292781587,49820036945,49819911265,49292675589,399873195903301,38953976169299,2.33,15.42,0.20,0.47,0.48,0.44
1411747932.46,21928968604470,22847521078911,438845402228834,49383448576,211857408,296915467264,49545932800,381726720,5792096256,5231476736,11946291200,49292847687,49820043628,49819914342,49292716946,399888457663318,38956947576553,0.48,4.11,0.17,0.12,0.48,0.44
1411747932.92,21929643574460,22847523528251,438847502083635,49383448576,211857408,296915467264,49546182656,381726720,5816168448,5231730688,11970695168,49292847838,49820043914,49819914342,49292716946,399890142612000,38957362222421,0.46,4.00,0.20,0.10,0.49,0.44
1411747937.47,21936995377432,22847605467495,438870552874780,49388589056,211955712,296919591936,49550716928,381726720,5797347328,5236260864,11957051392,49293035385,49820053878,49819923064,49292902686,399907871777314,38962698608295,1.27,1.16,0.41,0.01,0.48,0.44
1411747937.92,21937070793848,22847618006526,438872789141064,49390260224,211968000,296919591936,49551212544,381726720,5799251968,5236785152,11959996416,49293058591,49820057036,49819925916,49292925602,399909422439734,38963386667806,1.68,1.22,0.39,0.02,0.48,0.44
1411747942.48,21939887684610,22847679219895,438891644350563,49391128576,211980288,296923188224,49555890176,381726720,5896200192,5241360384,12060995584,49293106076,49820059921,49819927634,49292927620,399921583805571,38970061492508,0.71,1.44,0.21,0.01,0.49,0.43
1411747942.93,21939901236148,22847683909665,438893263567678,49391128576,211980288,296923188224,49556262912,381726720,5801095168,5241634816,11965952000,49293106076,49820059921,49819927634,49292927620,399922467176054,38970802092767,0.24,1.40,0.22,0.01,0.48,0.44
1411747947.48,21946289085549,22854289857941,438921439425824,49391759360,211980288,296924216320,49560924160,381726720,6215610368,5659430912,12797005824,49293115715,49820069233,49819937603,49292939247,399941940652624,38979501062591,0.61,4.90,0.31,0.70,0.49,0.44
1411747947.94,21946692504995,22854293605140,438923493638763,49393405952,211980288,296924310528,49561300992,381726720,6210547712,5659463680,12791218176,49293117650,49820069365,49819937603,49292939247,399943215716499,38980280795394,2.03,4.49,0.33,0.70,0.49,0.44
1411747952.48,21953717657582,22860811654180,438951725964442,49393537024,211996672,296927403008,49565691904,381743104,6213279744,5646131200,12782788608,49293123261,49820076533,49819946257,49292947088,399965749100484,38985976877490,0.56,1.50,0.31,1.01,0.49,0.44
1411747952.95,21953721847731,22860817902910,438953323279864,49393537024,211996672,296927403008,49566248960,381743104,6213197824,5646655488,12783308800,49293123261,49820076533,49819946257,49292947088,399967286163872,38986040118764,0.05,1.61,0.29,1.13,0.49,0.44
1411747957.49,21962694047720,22869205369909,438985927124436,49393537024,212013056,296928689152,49570807808,381759488,6272282624,5490528256,12686655488,49293128229,49820082133,49819953210,49292954423,399989104950805,38996829838551,0.01,3.99,0.38,0.77,0.49,0.43
1411747957.95,21964242189525,22870971118337,438990826802062,49393549312,212013056,296928689152,49571180544,381759488,6305640448,5746532352,12975697920,49293131790,49820085526,49819957219,49292958714,399992404471072,38998425246180,0.02,3.85,0.42,0.82,0.49,0.44
1411747962.49,21968588668107,22875212782361,439015537391795,49393549312,212033536,296929225728,49575731200,381779968,6049886208,5496221696,12471308288,49293134878,49820090860,49819963102,49292962735,400010003941818,39005534137785,0.06,9.21,0.28,0.69,0.49,0.44
1411747962.96,21970803884259,22877181263133,439021181335216,49393569792,212033536,296929225728,49576001536,381779968,6115733504,5560807424,12601405440,49293141086,49820096587,49819969455,49292970293,400014326892751,39006854881260,0.08,9.02,0.30,0.74,0.49,0.44
1411747967.5,21975536333232,22882624712601,439050146783740,49393569792,212058112,296929676288,49577250816,381804544,6018592768,5470871552,12412071936,49293152931,49820110331,49819984027,49292983050,400034832035101,39015338418056,0.10,3.43,0.28,0.76,0.48,0.44
1411747967.96,21975589046148,22882683598786,439052504484046,49393569792,212058112,296929676288,49577250816,381804544,6018723840,5472862208,12414169088,49293155933,49820113263,49819986893,49292985986,400036595430682,39015921346427,0.05,2.83,0.21,0.61,0.48,0.44
1411747972.51,21983535830801,22889338711744,439083963497428,49393569792,212078592,296930155520,49577250816,381812736,6227058688,5883883520,13034008576,49293167394,49820125849,49820000282,49292997676,400058838671908,39025127379509,0.04,0.02,0.33,0.69,0.48,0.45
1411747972.97,21983841176834,22890101665578,439086554682352,49393569792,212082688,296930155520,49577250816,381829120,6018342912,5486112768,12427952128,49293170396,49820128847,49820003280,49293000678,400061023031390,39025540379360,0.05,0.05,0.34,0.77,0.48,0.44
1411747977.51,21991001099223,22896429588672,439115061424828,49393569792,212090880,296932797440,49577283584,381837312,6434119680,5883682816,13240963072,49293179434,49820139922,49820015841,49293011946,400083130454634,39031931035982,0.00,0.02,0.31,1.04,0.49,0.44
1411747977.98,21991040398040,22896481932330,439116797596387,49393569792,212090880,296932797440,49577283584,381837312,6433239040,5883846656,13239816192,49293182431,49820142924,49820018843,49293014943,400084658034092,39032142041935,0.00,0.02,0.30,0.97,0.49,0.44
1411747982.52,21997848464657,22903439036921,439145508163907,49393569792,212115456,296933383168,49577283584,381861888,6434443264,5883056128,13241225216,49293257114,49820152903,49820030284,49293091832,400107289181033,39038234322078,0.04,0.04,0.28,1.11,0.49,0.44
1411747982.98,21997873344066,22903524224351,439147255097931,49393569792,212115456,296933383168,49577283584,381861888,6433955840,5883662336,13234163712,49293259984,49820155637,49820033018,49293094702,400108447289892,39038807870949,0.04,0.04,0.29,1.06,0.49,0.44
1411747987.53,22003849330858,22909262828544,439173734400122,49393569792,212140032,296933870592,49577283584,381886464,6415716352,5650452480,12981731328,49293264770,49820165560,49820043973,49293101188,400125807442336,39047928762987,0.05,0.05,0.32,0.60,0.49,0.44
1411747987.99,22004866945955,22910654742037,439177526097129,49393569792,212140032,296933870592,49577283584,381886464,6436864000,5886234624,13238538240,49293270750,49820170843,49820049855,49293107859,400128764782356,39048761963084,0.05,0.05,0.34,0.72,0.49,0.44
1411747992.53,22006784398250,22912163896835,439195976671250,49393569792,212164608,296934341632,49577283584,381911040,6088380416,5533052928,12537266176,49293275493,49820178544,49820057635,49293112697,400144113452358,39051896610773,0.05,0.05,0.16,0.73,0.49,0.44
1411747993.0,22008716464880,22913865617337,439200994948591,49393569792,212164608,296934341632,49577283584,381911040,6142160896,5585088512,12642971648,49293276558,49820179384,49820059117,49293115096,400147945675737,39053050818831,0.05,0.05,0.20,0.75,0.49,0.44
1411747997.54,22012456764397,22918480268241,439223927862223,49393573888,212189184,296934865920,49577283584,381935616,6021435392,5487206400,12424515584,49293283985,49820188151,49820068712,49293123435,400165144991779,39058783909566,0.05,0.05,0.27,0.92,0.48,0.44
1411747998.0,22012485555812,22918510515016,439225495852043,49393573888,212189184,296934865920,49577283584,381935616,6021423104,5487230976,12424511488,49293287000,49820191046,49820071591,49293126466,400166712849213,39058792041467,0.05,0.05,0.20,0.81,0.48,0.44
1411748002.55,22019253447894,22924499207237,439253083509929,49393618944,212213760,296935418880,49577283584,381943808,6023143424,5891702784,12830433280,49293296460,49820202904,49820084869,49293138090,400189204821384,39063878948508,0.13,0.01,0.28,1.18,0.47,0.46
1411748003.01,22019303267015,22925229267588,439255395536117,49393618944,212213760,296935418880,49577283584,381960192,6021648384,5486977024,12424826880,49293299462,49820205902,49820087867,49293141092,400191018821825,39064396339412,0.13,0.04,0.28,1.20,0.48,0.44
1411748007.55,22025874601658,22931485395172,439282789101653,49393623040,212221952,296936115200,49577283584,381968384,6441185280,5887262720,13243785216,49293308515,49820216977,49820100428,49293152375,400212999628072,39069797157238,0.02,0.04,0.28,1.18,0.49,0.44
1411748008.02,22025932177846,22931547861894,439284455583363,49393623040,212221952,296936115200,49577283584,381968384,6440738816,5887143936,13243658240,49293311512,49820219962,49820103413,49293155372,400214385140837,39070088190466,0.02,0.01,0.28,1.11,0.49,0.44
1411748012.56,22032893179738,22938628383591,439315668607889,49393623040,212246528,296938011648,49577283584,381992960,6438588416,5886148608,13240942592,49293317952,49820227772,49820112643,49293163976,400238363634923,39077307760697,0.01,0.01,0.28,0.95,0.49,0.44
1411748013.03,22032936725284,22938672652678,439317881853785,49393623040,212246528,296938011648,49577283584,381992960,6438580224,5886058496,13241344000,49293320822,49820230493,49820115364,49293166846,400240315245442,39077582632967,0.01,0.01,0.27,0.95,0.49,0.44
1411748017.56,22038908253389,22944360546950,439344998149988,49393623040,212271104,296938974208,49577283584,382017536,6410665984,5641592832,12967305216,49293393054,49820240365,49820125812,49293240246,400260525258565,39084510057504,0.03,0.03,0.27,0.80,0.49,0.44
1411748018.03,22040118796759,22945928673581,439349193054199,49393623040,212271104,296938974208,49577283584,382017536,6437519360,5880627200,13232574464,49293398922,49820245653,49820132155,49293247337,400263414815314,39085778797154,0.03,0.03,0.31,0.89,0.49,0.44
1411748022.57,22042016753100,22947616734146,439369269707612,49393631232,212295680,296940063744,49577283584,382042112,6088859648,5535543296,12541968384,49293405991,49820254535,49820140433,49293252566,400276759558136,39092511974659,0.03,0.02,0.19,0.41,0.49,0.44
1411748023.04,22043888953324,22949229552275,439374296107891,49393631232,212295680,296940063744,49577283584,382042112,6141984768,5586411520,12647956480,49293407056,49820255375,49820141915,49293254965,400280666006235,39093635565944,0.03,0.02,0.22,0.42,0.49,0.44
1411748027.58,22048200426887,22953884149917,439398314865670,49393631232,212320256,296944155648,49577283584,382066688,6022901760,5487357952,12429545472,49293414483,49820264142,49820151510,49293263304,400297809647612,39100514782057,0.01,0.01,0.29,0.78,0.48,0.44
1411748028.05,22048231511261,22953918254818,439399991255162,49393631232,212320256,296944155648,49577283584,382066688,6023045120,5486997504,12429799424,49293417498,49820267017,49820154411,49293266377,400299465549676,39100530145420,0.01,0.01,0.23,0.68,0.48,0.44
1411748032.58,22055020632527,22960331093442,439427969386059,49395499008,212336640,296944966656,49577283584,382074880,6232907776,5893963776,13043433472,49293426935,49820278875,49820167689,49293277978,400318780598900,39109193070042,2.32,0.01,0.33,0.74,0.48,0.45
1411748033.05,22055370579885,22961076359519,439430613021287,49396219904,212344832,296944966656,49577283584,382091264,6025342976,5487771648,12430192640,49293429920,49820281856,49820170670,49293280963,400320959808718,39109656579780,3.22,0.03,0.33,0.78,0.48,0.44
1411748037.59,22061688747838,22967422130369,439458021803329,49400938496,212353024,296945380352,49577283584,382099456,6444265472,5885870080,13254848512,49293438973,49820292931,49820183231,49293292246,400341752518642,39116269461836,13.19,0.06,0.29,1.00,0.49,0.44
1411748038.06,22061721481315,22967453400658,439459770325925,49401593856,212353024,296945380352,49577283584,382099456,6444752896,5886083072,13255315456,49293441970,49820295933,49820186233,49293295243,400342793422615,39116977514426,13.01,0.02,0.29,0.87,0.49,0.44
1411748042.59,22068963464630,22974465822287,439490409973836,49406128128,212377600,296945662976,49577283584,382124032,6452072448,5896925184,13271298048,49293448410,49820303743,49820195463,49293303847,400364215391614,39126209675249,18.45,0.09,0.32,0.71,0.49,0.44
1411748043.06,22068993993624,22974497350647,439492485115321,49406783488,212377600,296945662976,49577283584,382124032,6452604928,5896765440,13272346624,49293451280,49820306477,49820198197,49293306717,400365456986024,39127034845274,18.45,0.09,0.32,0.70,0.49,0.44
1411748047.6,22075183480799,22980214173678,439519486660694,49411588096,212402176,296946076672,49577283584,382148608,6216937472,5645160448,12784607232,49293457468,49820317039,49820209563,49293314339,400382557284268,39136982591168,13.26,0.06,0.34,0.53,0.49,0.44
1411748048.07,22076422140820,22981768453176,439523777332496,49412243456,212402176,296946076672,49577283584,382148608,6457151488,5886054400,13263548416,49293463811,49820322723,49820216074,49293321639,400385637360127,39138139999025,13.26,0.06,0.37,0.65,0.49,0.44
1411748052.61,22078071553948,22983158238737,439544558753222,49416843264,212426752,296946490368,49577283584,382173184,6103584768,5533847552,12550369280,49293534867,49820331562,49820224992,49293392790,400398368081562,39146237390321,12.76,0.06,0.18,0.32,0.49,0.44
1411748053.08,22079785504845,22984778956249,439549426517572,49417498624,212426752,296946490368,49577283584,382173184,6157275136,5586690048,12657352704,49293535932,49820332402,49820226474,49293395189,400401660490541,39147766630195,12.76,0.06,0.21,0.31,0.49,0.44
1411748057.61,22084041917374,22989541422160,439574080476976,49421955072,212451328,296950094848,49577283584,382197760,6052466688,5488439296,12454477824,49293543359,49820341151,49820236051,49293403528,400417548263462,39156532410712,1.43,0.01,0.31,0.62,0.49,0.44
1411748058.08,22084075407782,22989573274242,439575674058502,49422610432,212451328,296950094848,49577283584,382197760,6053179392,5488119808,12455006208,49293546374,49820344046,49820238930,49293406559,400418752709939,39156935855602,1.43,0.01,0.25,0.52,0.49,0.44
1411748062.62,22090918610108,22995713276443,439603008255247,49427648512,212471808,296950742016,49577283584,382205952,6469763072,5892255744,13275865088,49293555834,49820355904,49820252208,49293418183,400438735306551,39164287949801,8.83,0.01,0.32,0.80,0.49,0.44
1411748063.09,22091374649637,22996571955384,439605944269461,49428041728,212475904,296951012352,49577299968,382222336,6058618880,5487591424,12459819008,49293566940,49820359540,49820255206,49293421185,400440786419537,39165166564875,5.95,0.04,0.33,0.85,0.49,0.44
1411748067.63,22097884424973,23002548736609,439633252886042,49432760320,212484096,296951426048,49577299968,382230528,6482997248,5882597376,13283340288,49293586991,49820371265,49820267747,49293432468,400459677605757,39173585877068,7.49,0.06,0.33,0.74,0.49,0.44
1411748068.1,22097917703987,23002582599233,439634962111140,49433284608,212484096,296951426048,49577299968,382230528,6482587648,5882458112,13281476608,49293590128,49820374539,49820271021,49293435605,400460990501317,39173983540263,12.69,0.02,0.32,0.68,0.49,0.44
1411748072.64,22104874643990,23009544411006,439663762820979,49438003200,212508672,296951835648,49577443328,382255104,6479458304,5884862464,13282754560,49293597200,49820382903,49820280251,49293444209,400481436584677,39182333835475,12.86,0.41,0.32,0.80,0.49,0.44
1411748073.11,22104907431760,23009571146126,439665405510848,49438396416,212508672,296951835648,49577443328,382255104,6479749120,5884862464,13283168256,49293600070,49820385637,49820282985,49293447079,400482603770588,39182803988804,12.54,0.41,0.32,0.79,0.49,0.44
1411748077.64,22110768769249,23015111790246,439691527800185,49443266560,212533248,296952597504,49577443328,382279680,6313299968,5652979712,12886487040,49293606974,49820395436,49820293857,49293455724,400500738718217,39190794857394,6.94,0.03,0.31,0.66,0.49,0.44
1411748078.11,22111955338073,23016496977311,439695543476290,49443659776,212533248,296952597504,49577443328,382279680,6489178112,5888139264,13294854144,49293612523,49820400311,49820299332,49293461965,400503897943940,39191645532350,6.94,0.03,0.33,0.78,0.49,0.44
1411748082.65,22113524140326,23017916092010,439713975707358,49448423424,212557824,296953187328,49577443328,382304256,6133948416,5532491776,12588130304,49293618101,49820408822,49820307368,49293467006,400515247805028,39198731287360,8.78,0.04,0.19,0.35,0.49,0.44
1411748083.12,22115207276218,23019520208946,439718703746527,49448816640,212557824,296953187328,49577443328,382304256,6186479616,5585416192,12693704704,49293619166,49820409662,49820308850,49293469405,400518536269247,39200167819588,8.78,0.04,0.22,0.35,0.49,0.44
1411748087.66,22119807899830,23024561339172,439743935674569,49453748224,212582400,296956890112,49577443328,382328832,6085300224,5488713728,12491468800,49293671900,49820419652,49820318787,49293477901,400535938634507,39208000184700,1.44,0.01,0.30,0.72,0.49,0.44
1411748088.12,22119855790380,23024598587536,439745595779802,49454141440,212582400,296956890112,49577443328,382328832,6085984256,5488365568,12491878400,49293674915,49820422531,49820321650,49293480932,400537398813908,39208209514296,1.44,0.01,0.25,0.63,0.49,0.44
1411748092.67,22124164530118,23025000024321,439766885691604,49459023872,212611072,296957881344,49577455616,382337024,6090690560,5488070656,12498571264,49293751422,49820437197,49820335363,49293555291,400554626513799,39212260354598,5.35,0.02,0.23,0.10,0.49,0.44
1411748093.13,22124207581797,23025035142080,439768501154714,49459417088,212611072,296957881344,49577455616,382337024,6091083776,5488070656,12498960384,49293754292,49820439931,49820338097,49293558161,400556207135313,39212305090099,5.35,0.02,0.23,0.11,0.49,0.44
1411748097.67,22127553833030,23028104433416,439789259509511,49461661696,212684800,296958295040,49577455616,382357504,5985902592,5381660672,12286988288,49293763977,49820455846,49820354643,49293568883,400575561754507,39213722078710,6.55,0.05,0.16,2.12,0.49,0.44
1411748098.14,22128396690027,23028855170081,439792198023812,49461661696,212684800,296958295040,49577455616,382357504,6013997056,5406306304,12339716096,49293764128,49820456132,49820355250,49293569701,400577622952890,39214598905216,5.60,0.05,0.20,1.67,0.49,0.44
1411748102.68,22132296124378,23031146078799,439812642831069,49461661696,212692992,296958692352,49577455616,382361600,6053306368,5474541568,12446187520,49293800124,49820479001,49820378074,49293605741,400593316930418,39219344802506,0.02,0.01,0.27,0.54,0.49,0.44
1411748103.14,22132336731199,23031259839225,439814326318535,49461661696,212697088,296958692352,49577455616,382361600,6055530496,5473853440,12447731712,49293800124,49820479001,49820378074,49293605741,400594623830035,39219706100447,0.03,0.01,0.23,0.47,0.49,0.44
1411748107.69,22134759368636,23035793021972,439836990599849,49461686272,212762624,296959089664,49577455616,382373888,5995274240,5467041792,12381044736,49293892801,49820598214,49820498043,49293699415,400611073695514,39225930110055,0.24,0.03,0.14,0.71,0.48,0.44
1411748108.15,22135925351525,23036406333936,439840153548468,49461686272,212770816,296959089664,49577455616,382382080,6018949120,5391257600,12329172992,49293894427,49820599875,49820499704,49293701041,400613648035517,39226507832208,0.25,0.05,0.19,0.76,0.49,0.44
1411748112.7,22140173209436,23038962089092,439861710487634,49461784576,212787200,296959441920,49577455616,382386176,6060097536,5471944704,12451328000,49293929353,49820624694,49820524182,49293734809,400629341459605,39232374015893,0.35,0.03,0.30,0.49,0.49,0.44
1411748113.16,22140183065301,23038970487878,439863349752327,49461784576,212787200,296959441920,49577455616,382386176,6059511808,5468389376,12447227904,49293929639,49820624962,49820524450,49293735095,400630572293952,39232785581364,0.33,0.01,0.25,0.41,0.49,0.44
1411748117.7,22142528574790,23043504802234,439885081111398,49461850112,212844544,296962137088,49577455616,382398464,6099521536,5470220288,12489158656,49294011911,49820739152,49820639396,49293818364,400645358516306,39239739146164,0.05,0.00,0.15,0.62,0.49,0.44
1411748118.16,22143416287386,23043580900328,439887587875648,49461850112,212865024,296962698240,49577455616,382406656,6013648896,5360480256,12293623808,49294013894,49820740946,49820641190,49293820347,400647292239874,39240321782619,0.04,0.01,0.19,0.61,0.49,0.44
1411748122.71,22148033343054,23046603066772,439910389752783,49461919744,212881408,296962698240,49577455616,382410752,6057975808,5472743424,12449873920,49294039225,49820758607,49820659061,49293846223,400664660060079,39245735348029,0.19,0.02,0.29,0.52,0.49,0.44
1411748123.17,22148061132138,23046818997877,439912407795286,49461919744,212881408,296962984960,49577455616,382410752,6057598976,5474545664,12452360192,49294056061,49820766873,49820667327,49293863059,400665912086810,39246495741650,0.30,0.01,0.25,0.52,0.49,0.44
1411748127.72,22150506994951,23051050958468,439933573374190,49461919744,212922368,296962989056,49577455616,382423040,6094897152,5461139456,12474920960,49294142174,49820881136,49820782412,49293950335,400681244925277,39252329876453,0.14,0.04,0.15,0.67,0.49,0.44
1411748128.18,22150591397144,23051284983231,439935442338853,49461923840,212930560,296962989056,49577455616,382423040,6093987840,5471334400,12484337664,49294144175,49820883709,49820784985,49293952336,400682335400514,39253117947671,13.00,3.00,0.15,0.67,0.49,0.44
1411748132.72,22153793469880,23053775348096,439955764040595,49461923840,212971520,296963275776,49577455616,382435328,6075621376,5446062080,12441165824,49294147664,49820889289,49820790916,49293956360,400697017512901,39258761966170,0.19,0.04,0.21,0.42,0.49,0.44
1411748133.18,22153826749382,23054608560309,439958053698511,49461923840,212971520,296963275776,49577488384,382435328,6074716160,5471068160,12464656384,49294185548,49820909175,49820810947,49293994405,400698668893984,39259384918087,0.14,0.16,0.20,0.53,0.49,0.44
1411748137.73,22157453274334,23056698009511,439977964572747,49461956608,213020672,296963705856,49577517056,382443520,6073565184,5489934336,12482064384,49294250566,49820981823,49820883325,49294059164,400713465964008,39264500867526,0.19,0.16,0.22,0.51,0.49,0.44
1411748138.19,22157457411650,23056701479477,439979425165474,49461956608,213020672,296963705856,49577517056,382443520,6073450496,5489934336,12482064384,49294250852,49820982091,49820883635,49294059492,400714220263515,39265211406657,0.19,0.09,0.23,0.36,0.49,0.44
1411748142.74,22162152865105,23061501046034,440003130547625,49462034432,213065728,296964054016,49577517056,382459904,6078132224,5453504512,12453744640,49294276775,49821025160,49820927795,49294087055,400732159829842,39270970717783,0.35,0.05,0.25,0.74,0.49,0.44
1411748143.2,22162169717076,23061505905599,440004714484363,49462034432,213065728,296964054016,49577517056,382459904,6078111744,5453504512,12453744640,49294276775,49821025160,49820927795,49294087055,400733353710172,39271361321883,0.35,0.05,0.25,0.78,0.49,0.44
1411748147.74,22164877260403,23064177307543,440024146650573,49462099968,213094400,296964815872,49577517056,382468096,6061232128,5495341056,12478599168,49294385515,49821077164,49820977144,49294176264,400747487859916,39276685976187,0.12,0.01,0.18,0.47,0.49,0.44
1411748148.2,22165624011494,23064208254466,440026434889541,49462099968,213094400,296964815872,49577517056,382468096,6076952576,5495226368,12493807616,49294405546,49821118315,49821018068,49294196150,400748732656943,39277702576818,0.12,0.01,0.22,0.43,0.49,0.44
1411748152.75,22167790827912,23067889736556,440046476146011,49462132736,213147648,296966265856,49577517056,382488576,6093602816,5399302144,12414832640,49294500833,49821172521,49821072882,49294292210,400762150721341,39284325466043,0.06,0.01,0.20,0.49,0.49,0.43
1411748153.21,22167798271148,23068819515055,440048844798677,49462132736,213147648,296966265856,49577517056,382488576,6093389824,5425856512,12441387008,49294501037,49821172857,49821073489,49294293028,400764132906596,39284721259649,0.06,0.01,0.14,0.66,0.49,0.44
1411748157.76,22170870426805,23070729865241,440068327807452,49462177792,213184512,296966740992,49577517056,382492672,5982769152,5470797824,12371460096,49294543195,49821201609,49821100838,49294333636,400780025301780,39288309791542,0.17,0.01,0.17,0.71,0.48,0.44
1411748158.21,22171564665818,23070996613973,440070562160086,49462177792,213184512,296966740992,49577517056,382496768,6003466240,5473632256,12394946560,49294543659,49821202151,49821101094,49294333949,400781743114004,39288820744288,0.17,0.02,0.21,0.53,0.48,0.44
1411748162.77,22174874721132,23073140655261,440090381733300,49462202368,213221376,296967150592,49577521152,382509056,6077349888,5407432704,12403695616,49294609162,49821268384,49821166085,49294398526,400797981226187,39292404962103,0.15,0.05,0.22,0.59,0.49,0.44
1411748163.22,22174883477874,23073876791352,440092616075790,49462202368,213221376,296967150592,49577521152,382509056,6077296640,5433634816,12429828096,49294609366,49821268720,49821166692,49294399344,400800034792117,39292584228356,0.15,0.04,0.18,0.77,0.49,0.44
1411748167.77,22179107351343,23077694989134,440114944724054,49462222848,213262336,296967515136,49577521152,382517248,6077128704,5458489344,12454162432,49294635627,49821318469,49821214945,49294424797,400818551242632,39296393481422,0.17,0.02,0.21,1.14,0.49,0.44
1411748168.22,22179560852956,23077703237041,440116802931296,49462222848,213270528,296967515136,49577521152,382517248,5994086400,5458038784,12370776064,49294636313,49821319037,49821215279,49294425215,400820269205983,39296542955750,0.19,0.02,0.23,0.97,0.48,0.44
1411748172.78,22182839763380,23080347963814,440136948261974,49462255616,213299200,296967912448,49577521152,382525440,6071894016,5492613120,12482809856,49294730831,49821407968,49821302441,49294518305,400836474038226,39300488083066,0.18,0.02,0.21,0.65,0.49,0.44
1411748173.23,22182867009313,23080454521448,440138552253930,49462255616,213315584,296967912448,49577521152,382525440,6071230464,5492563968,12482342912,49294734061,49821411980,49821306285,49294521433,400838043171208,39300517855851,0.20,0.02,0.19,0.69,0.49,0.44
1411748177.79,22186732079935,23085857942022,440162001207009,49462288384,213356544,296968956928,49577521152,382545920,6079266816,5449469952,12447944704,49294770035,49821461816,49821353436,49294547701,400856822954744,39305181387365,0.09,0.02,0.19,1.17,0.49,0.44
1411748178.24,22186916455703,23085866810907,440163787508078,49462296576,213364736,296968956928,49577521152,382545920,5985177600,5448990720,12353478656,49294781481,49821463375,49821353502,49294547833,400858122429479,39305667417409,0.09,0.02,0.20,1.05,0.48,0.44
1411748182.79,22190377820807,23088207039727,440184095615708,49462329344,213389312,296969305088,49577521152,382554112,6078603264,5492404224,12489375744,49294885943,49821562275,49821445093,49294644653,400872386233034,39311727476821,0.21,0.02,0.23,0.36,0.49,0.44
1411748183.25,22190783398192,23088439700061,440186186792794,49462353920,213397504,296969305088,49577521152,382554112,6078234624,5492318208,12489146368,49294887746,49821564295,49821447195,49294646560,400873913842305,39312275545085,0.26,0.02,0.24,0.39,0.49,0.44
1411748187.8,22194656330356,23093733332947,440209505739735,49462353920,213438464,296970882048,49577521152,382570496,6079090688,5451313152,12449525760,49294915503,49821610738,49821494795,49294676023,400891237762477,39318268222801,0.05,0.01,0.23,0.84,0.49,0.44
1411748188.25,22194682669686,23093735301723,440211018406184,49462366208,213446656,296970882048,49577521152,382570496,6079221760,5451186176,12449542144,49294915569,49821610804,49821494795,49294676023,400892747288177,39318274613233,0.04,0.01,0.21,0.88,0.49,0.44
1411748192.81,22198232771609,23096090693288,440231289850964,49462366208,213467136,296971332608,49577521152,382578688,6082367488,5494468608,12495024128,49295011162,49821694440,49821576346,49294769710,400910534446261,39320755511105,0.09,0.02,0.19,0.95,0.49,0.44
1411748193.26,22198826061640,23096109809093,440233306349734,49462398976,213479424,296971508736,49577521152,382578688,6082441216,5493891072,12494856192,49295012575,49821695837,49821577743,49294771123,400912226474841,39321085165282,0.10,0.01,0.21,0.84,0.49,0.44
1411748197.82,22202899792693,23099715067519,440255098942498,49462398976,213540864,296971619328,49577521152,382599168,6081150976,5393186816,12393156608,49295042969,49821748388,49821629660,49294801637,400930633750815,39324482534861,0.37,0.07,0.23,0.97,0.49,0.44
1411748198.27,22202908015621,23100621188989,440257372619464,49462398976,213540864,296972037120,49577521152,382599168,6081069056,5418971136,12418965504,49295043201,49821748520,49821630267,49294802455,400932099842248,39325272866246,0.12,0.04,0.21,1.08,0.49,0.44
1411748202.82,22206216942298,23102619530735,440277511206159,49462398976,213553152,296973859840,49577521152,382603264,6080823296,5476085760,12479655936,49295107893,49821810739,49821692346,49294867112,400946780690124,39330739695518,0.01,0.00,0.21,0.46,0.49,0.44
1411748203.27,22206495458982,23102656234679,440279274984503,49462398976,213557248,296973859840,49577521152,382607360,6080479232,5478055936,12481335296,49295107893,49821810739,49821692346,49294867112,400947924626749,39331354888180,0.01,0.00,0.23,0.33,0.49,0.44
1411748207.83,22208396311319,23107272905357,440300014635563,49462398976,213622784,296976460800,49577521152,382623744,6100197376,5476597760,12499628032,49295183741,49821888026,49821770658,49294944310,400960771992959,39339246176328,0.03,0.01,0.16,0.55,0.49,0.44
1411748208.28,22208439109309,23107282904269,440301645816519,49462431744,213622784,296976923648,49577521152,382623744,6100226048,5364211712,12388892672,49295203475,49821891005,49821770790,49294944376,400962265934290,39339387763304,0.03,0.01,0.14,0.58,0.49,0.43
1411748212.84,22212333185609,23109954942114,440322645713920,49462431744,213651456,296977243136,49577521152,382627840,6027894784,5464551424,12417220608,49295209511,49821898485,49821778612,49294951189,400980318318035,39342333727274,0.08,0.01,0.20,0.87,0.49,0.44
1411748213.29,22213315298105,23110511076647,440325519492643,49462431744,213651456,296977243136,49577521152,382627840,6059155456,5473898496,12458364928,49295241503,49821916591,49821796652,49294983015,400982289776487,39343229742369,0.09,0.01,0.24,0.84,0.49,0.44
1411748217.84,22214850997806,23114769039075,440345420184519,49462431744,213692416,296977562624,49577652224,382640128,6081306624,5461319680,12462227456,49295379637,49821986601,49821867579,49295122291,400997812939850,39347615921274,0.13,0.45,0.14,0.91,0.49,0.44
1411748218.29,22214860163116,23115061227795,440346988655981,49462431744,213700608,296977562624,49577652224,382640128,6080987136,5471080448,12472045568,49295381865,49821989240,49821870152,49295124453,400998787458014,39348201649284,0.15,0.45,0.09,0.92,0.49,0.44
1411748222.85,22218897144008,23118012601048,440368104955595,49462480896,213745664,296977751040,49578786816,382652416,5971726336,5361917952,12254793728,49295405679,49822031028,49821912196,49295148723,401014512411103,39353606753962,0.54,6.09,0.24,0.54,0.49,0.44
1411748223.29,22218902606172,23118018964089,440369590348275,49462480896,213745664,296977751040,49578786816,382652416,5971857408,5361778688,12254801920,49295405679,49822031028,49821912196,49295148723,401015668227089,39353924578296,0.50,6.09,0.24,0.52,0.49,0.44
1411748227.86,22223406517859,23122587969294,440392883899893,49462513664,213766144,296978160640,49578786816,382656512,6044037120,5440643072,12404686848,49295408639,49822036095,49821918294,49295153382,401033644083953,39359244767093,0.13,0.01,0.24,0.81,0.49,0.44
1411748228.3,22224115494737,23123115241666,440395579472557,49462513664,213774336,296978160640,49578786816,382664704,5967405056,5361844224,12249612288,49295409149,49822037071,49821919659,49295154357,401035682879500,39359912196212,0.15,0.03,0.26,0.85,0.49,0.44
1411748232.87,22224590394623,23123219231784,440410969202025,49462611968,213790720,296979053568,49578786816,382668800,5774893056,5270024192,11965378560,49295434650,49822043639,49821923785,49295173108,401049433025288,39361536238979,0.14,0.01,0.07,0.28,0.48,0.44
1411748233.31,22224594490255,23123222914322,440412377975923,49462611968,213790720,296979053568,49578786816,382668800,5774745600,5270155264,11965247488,49295434752,49822043823,49821923785,49295173108,401050731354651,39361647167454,0.13,0.00,0.03,0.06,0.48,0.44
1411748237.87,22224631380999,23123242370048,440427571011280,49462611968,213790720,296983563264,49578786816,382668800,5774462976,5270077440,11965018112,49295435801,49822045499,49821925093,49295173873,401064517727281,39363057050537,0.00,0.00,0.00,0.02,0.48,0.44
1411748238.31,22224653778366,23123243321287,440429089696631,49462611968,213790720,296983804928,49578786816,382668800,5774217216,5269913600,11965263872,49295455469,49822048346,49821925093,49295173873,401065905994000,39363184917987,0.00,0.00,0.00,0.01,0.48,0.44
1411748242.88,22224690941583,23123262600692,440444482041137,49462611968,213790720,296983870464,49578786816,382668800,5774356480,5269913600,11965276160,49295456243,49822050064,49821926811,49295174647,401079853288750,39364631252610,0.00,0.00,0.00,0.01,0.48,0.44
1411748243.32,22224693637010,23123263582297,440445978234562,49462611968,213790720,296983870464,49578786816,382668800,5774356480,5269913600,11965276160,49295456243,49822050064,49821926811,49295174647,401081203710394,39364775501108,0.00,0.00,0.00,0.01,0.48,0.44
1411748247.89,22224732017995,23123279854323,440461424070941,49462611968,213790720,296983890944,49578786816,382668800,5774241792,5269913600,11965161472,49295456803,49822051333,49821928080,49295175207,401095191145352,39366233992618,0.00,0.00,0.00,0.01,0.48,0.44
1411748248.33,22224734240651,23123280940305,440462882374468,49462611968,213790720,296983890944,49578786816,382668800,5774241792,5269913600,11965161472,49295456869,49822051399,49821928080,49295175207,401096524312766,39366373984074,0.00,0.00,0.00,0.01,0.48,0.44
1411748252.9,22224773674899,23123297018993,440478241815477,49462611968,213790720,296983890944,49578786816,382668800,5774372864,5269786624,11965493248,49295457470,49822052707,49821929388,49295175808,401110422561187,39367819882816,0.00,0.00,0.00,0.01,0.48,0.44
1411748253.33,22224776026359,23123298039857,440479717374643,49462611968,213790720,296983907328,49578786816,382668800,5774372864,5269786624,11965501440,49295457470,49822052707,49821929388,49295175808,401111757766381,39367960614809,0.00,0.00,0.00,0.01,0.48,0.44
1411748257.91,22224820545879,23123317297719,440495027240500,49462611968,213790720,296983907328,49578786816,382668800,5774417920,5269786624,11967524864,49295458244,49822054425,49821931106,49295176582,401125625110068,39369402130432,0.00,0.00,0.00,0.01,0.48,0.44
1411748258.34,22224822957552,23123318308588,440496483547495,49462611968,213790720,296983907328,49578786816,382668800,5774417920,5269786624,11968114688,49295458310,49822054491,49821931106,49295176582,401126944796386,39369540829875,0.00,0.00,0.00,0.01,0.48,0.44
1411748262.91,22224860067007,23123335108302,440511603715139,49462611968,213790720,296983927808,49578786816,382668800,5774430208,5269786624,11968151552,49295458870,49822055760,49821932375,49295177142,401140624871155,39370979097487,0.00,0.00,0.00,0.01,0.48,0.44
1411748263.35,22224862266325,23123336150858,440513049632476,49462611968,213790720,296983927808,49578786816,382668800,5774430208,5269786624,11968151552,49295458870,49822055760,49821932375,49295177142,401141926286821,39371123432056,0.00,0.00,0.00,0.01,0.48,0.44
1411748267.92,22224895543557,23123352065573,440528173916278,49462611968,213790720,296984046592,49578786816,382668800,5774430208,5269786624,11968167936,49295459471,49822057068,49821933683,49295177743,401155597162263,39372576902942,0.00,0.00,0.00,0.01,0.48,0.44
1411748268.36,22224968000664,23123353200746,440529715660007,49462611968,213790720,296984071168,49578786816,382668800,5774438400,5269786624,11968376832,49295479139,49822059915,49821933683,49295177743,401157007489902,39372713905925,0.00,0.00,0.01,0.01,0.48,0.44
1411748272.93,22225004781465,23123372381172,440544722068568,49462611968,213790720,296984439808,49578786816,382668800,5774454784,5269786624,11968610304,49295479913,49822061633,49821935401,49295178517,401170584849347,39374146841314,0.00,0.00,0.01,0.01,0.48,0.44
1411748273.36,22225007337059,23123373377972,440546155171805,49462611968,213790720,296984439808,49578786816,382668800,5774454784,5269786624,11968610304,49295479913,49822061633,49821935401,49295178517,401171872158023,39374288642152,0.00,0.00,0.00,0.01,0.48,0.44
1411748277.94,22225046622582,23123390571119,440561423855663,49462611968,213790720,296984484864,49578786816,382668800,5774061568,5269774336,11964702720,49295480473,49822062902,49821936670,49295179077,401185658490236,39375779909844,0.00,0.00,0.00,0.01,0.48,0.44
1411748278.37,22225050150868,23123391547329,440562865248605,49462611968,213790720,296984484864,49578786816,382668800,5774323712,5269647360,11964731392,49295480539,49822062968,49821936670,49295179077,401186962164351,39375919334424,0.00,0.00,0.00,0.01,0.48,0.44
1411748282.94,22225085978613,23123408804585,440577943603866,49462611968,213790720,296984484864,49578786816,382668800,5774069760,5269573632,11965542400,49295481140,49822064276,49821937978,49295179678,401200586614137,39377360182842,0.00,0.00,0.00,0.01,0.48,0.44
1411748283.38,22225088510475,23123409848249,440579393343617,49462611968,213790720,296984501248,49578786816,382668800,5774041088,5269573632,11965550592,49295481140,49822064276,49821937978,49295179678,401201894466961,39377499608456,0.00,0.00,0.00,0.01,0.48,0.44
1411748287.95,22225126772549,23123427598021,440594634891328,49462611968,213790720,296984501248,49578786816,382668800,5773975552,5269504000,11964264448,49295481914,49822065994,49821939696,49295180452,401215682400326,39378955070333,0.00,0.00,0.00,0.01,0.48,0.44
1411748288.38,22225129958173,23123428592973,440596084051480,49462611968,213790720,296984501248,49578786816,382668800,5773901824,5269504000,11964264448,49295481980,49822066060,49821939696,49295180452,401216996109056,39379093752394,0.00,0.00,0.00,0.01,0.48,0.44
1411748292.96,22225172019812,23123447703711,440611313120064,49462611968,213790720,296984525824,49578786816,382668800,5773709312,5269438464,11964829696,49295483762,49822068985,49821940965,49295181012,401230780085032,39380535874825,0.00,0.00,0.00,0.01,0.48,0.44
1411748293.39,22225175558842,23123448741137,440612748830356,49462611968,213790720,296984525824,49578786816,382668800,5773709312,5269438464,11964829696,49295484030,49822069353,49821940965,49295181012,401232077514430,39380672833283,0.00,0.00,0.00,0.01,0.48,0.44
1411748297.97,22225214313797,23123467556746,440627942908032,49462611968,213790720,296984656896,49578786816,382668800,5773574144,5269303296,11964579840,49295485451,49822071765,49821942273,49295181613,401245705655167,39382238310355,0.00,0.00,0.00,0.01,0.48,0.44
1411748298.4,22225228951906,23123468522471,440629531063806,49462611968,213790720,296984681472,49578786816,382668800,5773705216,5269303296,11964866560,49295505119,49822074612,49821942273,49295181613,401247132205641,39382399301072,0.00,0.00,0.00,0.01,0.48,0.44
1411748302.97,22225263308819,23123486988198,440644876470164,49462611968,213790720,296984812544,49578786816,382668800,5773471744,5269303296,11964370944,49295505893,49822076330,49821943991,49295182387,401260892544338,39383997061503,0.00,0.00,0.00,0.01,0.48,0.44
1411748303.4,22225265495486,23123488121593,440646335109896,49462611968,213790720,296984812544,49578786816,382668800,5773471744,5269303296,11964370944,49295505893,49822076330,49821943991,49295182387,401262195925537,39384144409549,0.00,0.00,0.00,0.01,0.48,0.44
1411748307.98,22225302173146,23123504933116,440661762352932,49462611968,213790720,296984947712,49578786816,382668800,5773471744,5269303296,11964329984,49295506453,49822077599,49821945260,49295182947,401276035426335,39385738241710,0.00,0.00,0.00,0.01,0.48,0.44
1411748308.41,22225305171081,23123505911542,440663183274180,49462611968,213790720,296984951808,49578786816,382668800,5773471744,5269303296,11964334080,49295506519,49822077665,49821945260,49295182947,401277296831109,39385886688473,0.00,0.00,0.00,0.01,0.48,0.44
1411748312.99,22225335434262,23123520081317,440678643586294,49462611968,213790720,296984964096,49578786816,382668800,5773471744,5269303296,11964469248,49295507120,49822078973,49821946568,49295183548,401291169178423,39387490344280,0.00,0.00,0.00,0.01,0.48,0.44
1411748313.41,22225337842559,23123520993263,440680104321534,49462611968,213790720,296984992768,49578786816,382668800,5773471744,5269303296,11964477440,49295507120,49822078973,49821946568,49295183548,401292456781921,39387651337110,0.00,0.00,0.00,0.01,0.48,0.44
1411748318.0,22225372540870,23123538653309,440695619517133,49462611968,213790720,296985005056,49578786816,382668800,5773471744,5269303296,11966455808,49295507894,49822080691,49821948286,49295184322,401306134878075,39389484639058,0.00,0.00,0.00,0.01,0.48,0.44
1411748318.42,22225375842614,23123539564173,440697045928903,49462611968,213790720,296985005056,49578786816,382668800,5773602816,5269303296,11966459904,49295507960,49822080757,49821948286,49295184322,401307320696679,39389731092586,0.00,0.00,0.00,0.01,0.48,0.44
1411748323.0,22225411903560,23123556243364,440712456626220,49462611968,213790720,296985037824,49578786816,382668800,5773475840,5269303296,11967086592,49295508520,49822082026,49821949555,49295184882,401320067310306,39392391803705,0.00,0.00,0.00,0.01,0.48,0.44
1411748323.43,22225414121771,23123557100958,440713909052506,49462611968,213790720,296985037824,49578786816,382668800,5773475840,5269303296,11967086592,49295508520,49822082026,49821949555,49295184882,401321260393944,39392648766457,0.00,0.00,0.00,0.01,0.48,0.44
1411748328.01,22225449721263,23123574622279,440729280764370,49462611968,213790720,296985156608,49578786816,382668800,5773475840,5269303296,11967168512,49295509673,49822084006,49821950863,49295185483,401333972245297,39395308582897,0.00,0.00,0.00,0.01,0.48,0.44
1411748328.44,22225475256284,23123575793761,440730788909950,49462648832,213790720,296985181184,49578786816,382668800,5773733888,5269303296,11967447040,49295529341,49822086457,49821950863,49295185483,401335225690696,39395576206778,0.26,0.00,0.00,0.01,0.48,0.44
1411748333.02,22225512157694,23123594083181,440746320941758,49462648832,213794816,296985381888,49578786816,382668800,5770854400,5269303296,11964903424,49295530629,49822088541,49821952581,49295186257,401348046528802,39398282386414,0.18,0.00,0.00,0.01,0.48,0.44
1411748333.44,22225514399121,23123595002797,440747761425593,49462648832,213794816,296985381888,49578786816,382668800,5770854400,5269303296,11964903424,49295530629,49822088541,49821952581,49295186257,401349207587699,39398558128368,0.02,0.00,0.00,0.01,0.48,0.44
1411748338.02,22225550543954,23123613585067,440763317187832,49462648832,213794816,296985402368,49578786816,382668800,5770854400,5269303296,11965571072,49295531189,49822089810,49821953850,49295186817,401361806637776,39401513618867,0.00,0.00,0.00,0.01,0.48,0.44
1411748338.45,22225553548505,23123614480844,440764799565754,49462648832,213794816,296985402368,49578786816,382668800,5770854400,5269303296,11959439360,49295531255,49822089876,49821953850,49295186817,401362998286083,39401820076723,0.00,0.00,0.00,0.01,0.48,0.44
1411748343.03,22225584920003,23123632229623,440780159675755,49462648832,213794816,296985512960,49578786816,382668800,5770866688,5269303296,11960766464,49295531856,49822091184,49821955158,49295187418,401376651169118,39403512112826,0.00,0.00,0.00,0.01,0.48,0.44
1411748343.46,22225587208203,23123633080662,440781575085922,49462648832,213794816,296985541632,49578786816,382668800,5770866688,5269303296,11960782848,49295531856,49822091184,49821955158,49295187418,401378044844113,39403542736452,0.00,0.00,0.00,0.01,0.48,0.44
1411748348.04,22225624239263,23123650827383,440796699494414,49462648832,213794816,296985541632,49578786816,382668800,5770866688,5269303296,11961851904,49295533038,49822093574,49821956876,49295188192,401393002264110,39403698151964,0.00,0.00,0.00,0.10,0.48,0.44
1411748348.47,22225627846405,23123651815104,440798134058453,49462648832,213794816,296985541632,49578786816,382668800,5770891264,5269303296,11961856000,49295533104,49822093640,49821956876,49295188192,401394433277087,39403701703405,0.00,0.00,0.00,0.12,0.48,0.44
1411748353.05,22225667430017,23123668808438,440813471692983,49462669312,213794816,296985598976,49578786816,382668800,5769105408,5269291008,11958972416,49295534484,49822095871,49821958145,49295188752,401409632672807,39403842334182,0.36,0.00,0.00,0.12,0.48,0.44
1411748353.47,22225669566751,23123669726789,440814899099791,49462669312,213794816,296985598976,49578786816,382668800,5769105408,5269291008,11958968320,49295534484,49822095871,49821958145,49295188752,401411055048960,39403846136491,0.36,0.00,0.00,0.12,0.48,0.44
1411748358.05,22225703011951,23123687074786,440830121834742,49462669312,213794816,296985734144,49578786816,382668800,5769105408,5269291008,11958992896,49295535085,49822097179,49821959453,49295189353,401426261181093,39403860705636,0.00,0.00,0.00,0.99,0.48,0.44
1411748358.48,22225715013032,23123688228406,440831574437442,49462669312,213794816,296985775104,49578786816,382668800,5769113600,5269291008,11959132160,49295543439,49822098467,49821959453,49295189353,401427707866625,39403866812389,0.00,0.00,0.00,0.89,0.48,0.44
1411748363.06,22225782163616,23123707184219,440846945706626,49462702080,213794816,296985836544,49578786816,382668800,5768830976,5269291008,11959504896,49295555527,49822101744,49821961171,49295190127,401443054212711,39403894591944,0.32,0.00,0.00,0.59,0.48,0.44
1411748363.49,22225784476607,23123708246130,440848333935960,49462702080,213794816,296985836544,49578786816,382668800,5768830976,5269291008,11959504896,49295555527,49822101744,49821961171,49295190127,401444435548356,39403898418866,0.53,0.00,0.00,0.63,0.48,0.44
1411748368.07,22225822480060,23123725794172,440863669010905,49462702080,213794816,296985852928,49578786816,382668800,5768830976,5269291008,11959365632,49295556087,49822103013,49821962440,49295190687,401459745923007,39403925413783,0.00,0.00,0.00,0.60,0.48,0.44
1411748368.49,22225825945734,23123726802455,440865050194742,49462767616,213794816,296985852928,49578786816,382668800,5769093120,5269291008,11959390208,49295556087,49822103013,49821962440,49295190687,401461124694902,39403926672345,4.00,0.00,0.00,0.66,0.48,0.44
1411748373.08,22225861013648,23123743434962,440880201905576,49462767616,213794816,296985852928,49578786816,382668800,5768712192,5269291008,11959541760,49295556754,49822104387,49821963748,49295191288,401476243977058,39403957928518,0.00,0.00,0.00,0.54,0.48,0.44
1411748373.5,22225863432481,23123744369447,440881595926834,49462767616,213794816,296985881600,49578786816,382668800,5768712192,5269291008,11959549952,49295556754,49822104387,49821963748,49295191288,401477638249814,39403960491063,0.00,0.00,0.00,0.52,0.48,0.44
1411748378.08,22225900935422,23123771198161,440896953675815,49462767616,213794816,296985984000,49578786816,382668800,5768867840,5269389312,11958214656,49295557528,49822106105,49821965466,49295192062,401492942584393,39404016412442,0.00,0.00,0.00,0.47,0.48,0.44
1411748378.5,22225903718155,23123772172834,440898358087226,49462767616,213794816,296985984000,49578786816,382668800,5768998912,5269389312,11958235136,49295557528,49822106105,49821965466,49295192062,401494338250481,39404020121293,0.00,0.00,0.00,0.47,0.48,0.44
1411748383.09,22225939922724,23123791495971,440913879391382,49462767616,213794816,296986053632,49578786816,382668800,5768888320,5269389312,11963052032,49295558154,49822107440,49821966735,49295192622,401509810584036,39404072011558,0.00,0.00,0.00,0.37,0.48,0.44
1411748383.51,22225942148755,23123792409618,440915297974552,49462767616,213794816,296986053632,49578786816,382668800,5768888320,5269389312,11963052032,49295558154,49822107440,49821966735,49295192622,401511228406665,39404075566138,0.00,0.00,0.00,0.36,0.48,0.44
1411748388.1,22225975662088,23123809012056,440930758836003,49462767616,213794816,296986188800,49578786816,382668800,5768761344,5269389312,11963076608,49295558755,49822108748,49821968043,49295193223,401526326244016,39404434472828,0.00,0.00,0.00,0.05,0.48,0.44
1411748388.52,22225978706676,23123810098353,440932198077092,49462767616,213794816,296986188800,49578786816,382668800,5768892416,5269389312,11963080704,49295558755,49822108748,49821968043,49295193223,401527466080077,39404741445859,0.00,0.00,0.00,0.03,0.48,0.44
1411748393.1,22226025893894,23123828448048,440947826244933,49462804480,213794816,296986348544,49578786816,382668800,5768900608,5269389312,11963731968,49295579197,49822112983,49821969761,49295193997,401541891422159,39405942816936,0.23,0.00,0.00,0.01,0.48,0.44
1411748393.53,22226040171903,23123829353884,440949267784165,49462804480,213794816,296986348544,49578786816,382668800,5769125888,5269389312,11963797504,49295579197,49822112983,49821969761,49295193997,401543317011557,39405954918977,0.23,0.00,0.00,0.02,0.48,0.44
1411748398.11,22226075887605,23123846316552,440964900287013,49462804480,213794816,296986405888,49578786816,382668800,5769125888,5269389312,11958730752,49295579757,49822114252,49821971030,49295194557,401558943414407,39405970192943,0.00,0.00,0.00,0.65,0.48,0.44
1411748398.54,22226078615440,23123847341150,440966371801866,49462804480,213794816,296986409984,49578786816,382668800,5768957952,5269389312,11958734848,49295579757,49822114252,49821971030,49295194557,401560394960353,39405984394624,0.00,0.00,0.00,0.61,0.48,0.44
1411748403.12,22226109775444,23123864353456,440981672351198,49462804480,213794816,296986409984,49578786816,382668800,5768855552,5269389312,11959431168,49295580424,49822115626,49821972338,49295195158,401575688637471,39405992011288,0.00,0.00,0.00,0.83,0.48,0.44
1411748403.54,22226112002270,23123865260999,440983096849109,49462804480,213794816,296986430464,49578786816,382668800,5768855552,5269389312,11959439360,49295580424,49822115626,49821972338,49295195158,401577104776265,39405992649777,0.00,0.00,0.00,2.17,0.48,0.44
1411748408.13,22226146187469,23123883611278,440998622565506,49462804480,213794816,296986430464,49578786816,382668800,5768855552,5269389312,11958444032,49295581198,49822117344,49821974056,49295195932,401592625452413,39406008212942,0.00,0.00,0.00,1.19,0.48,0.44
1411748408.55,22226149231533,23123884623655,441000045706161,49462804480,213794816,296986430464,49578786816,382668800,5768855552,5269389312,11958444032,49295581198,49822117344,49821974056,49295195932,401594047697968,39406008876427,0.00,0.00,0.00,1.19,0.48,0.44
1411748413.13,22226185356373,23123900762104,441015566739882,49462804480,213794816,296986610688,49578786816,382668800,5768855552,5269389312,11959255040,49295581824,49822118679,49821975325,49295196492,401609551061331,39406018497030,0.00,0.00,0.00,1.67,0.48,0.44
1411748413.56,22226187732023,23123901729946,441016978580183,49462804480,213794816,296986610688,49578786816,382668800,5768855552,5269389312,11959255040,49295581824,49822118679,49821975325,49295196492,401610972036275,39406020840559,0.00,0.00,0.00,1.43,0.48,0.44
1411748418.14,22226222274497,23123916963075,441032293663165,49462804480,213794816,296986758144,49578786816,382668800,5768728576,5269389312,11959402496,49295582425,49822119987,49821976633,49295197093,401626241152436,39406052600084,0.00,0.00,0.00,0.48,0.48,0.44
1411748418.56,22226225602982,23123918149004,441033707924895,49462804480,213794816,296986762240,49578786816,382668800,5768859648,5269389312,11959406592,49295582425,49822119987,49821976633,49295197093,401627663155355,39406054947325,0.00,0.00,0.00,0.48,0.48,0.44
1411748423.15,22226270950156,23123937204889,441049253122104,49462816768,213794816,296986844160,49578786816,382668800,5768990720,5269389312,11960193024,49295602933,49822124618,49821978351,49295197867,401643196017907,39406067021627,0.14,0.00,0.00,1.40,0.48,0.44
1411748423.57,22226273190634,23123938179982,441050693678561,49462816768,213794816,296986844160,49578786816,382668800,5768990720,5269389312,11960193024,49295602933,49822124618,49821978351,49295197867,401644626550873,39406068059957,0.15,0.00,0.00,1.53,0.48,0.44
1411748428.16,22226309668311,23123955382274,441065959747637,49462816768,213794816,296986864640,49578786816,382668800,5768978432,5269389312,11967582208,49295603493,49822125887,49821979620,49295198427,401657411252378,39408555027727,0.00,0.00,0.00,0.01,0.48,0.44
1411748428.58,22226313398222,23123957083017,441067342822486,49462816768,213794816,296986864640,49578786816,382668800,5768978432,5269389312,11967578112,49295603707,49822126336,49821980069,49295198641,401658478269113,39408864582320,0.00,0.00,0.00,0.01,0.48,0.44
