2014-11-18 18:18:36.461738,0,1416352716.5,48206243338070,107113459126840,89061580800,58421248,89061580800,58421248,15539490816,31909142528,56469854365,56375655442,72678888189392,34435011302998
2014-11-18 18:18:46.625612,10,1416352726.67,48242701914892,107187833537435,89098125312,58437632,89098125312,58437632,15553835008,31924060160,56469859653,56375656883,72716633669321,34471473939877
2014-11-18 18:18:56.774904,20,1416352736.81,48277377383919,107257925995319,89130807296,58454016,89130807296,58454016,15552393216,31924985856,56469863357,56375658217,72752143355322,34506214469985
2014-11-18 18:19:06.924287,30,1416352746.96,48306553893046,107314511998320,89136709632,58478592,89136709632,58478592,15529930752,31651192832,56469874202,56375671376,72779221983288,34535462736180
2014-11-18 18:19:17.063387,40,1416352757.11,48347478256804,107393978902799,89136775168,58494976,89136775168,58494976,15516262400,31885955072,56469878696,56375673098,72817679712968,34576509297591
2014-11-18 18:19:27.204978,50,1416352767.25,48387011257927,107472325885315,89136775168,58511360,89136775168,58511360,15516356608,31923236864,56469881810,56375674259,72856445610026,34616095837625
2014-11-18 18:19:37.354049,60,1416352777.4,48423278834539,107544728821219,89141415936,58527744,89141415936,58527744,15511064576,31928434688,56469885453,56375675829,72892738700063,34652433893048
2014-11-18 18:19:47.503934,71,1416352787.54,48452747816913,107606851247010,89167765504,58556416,89167765504,58556416,15453880320,31634333696,56469896909,56375689032,72925112478961,34682083736031
2014-11-18 18:19:57.654033,81,1416352797.69,48490098169297,107684042303219,89198813184,58572800,89198813184,58572800,15464570880,31827529728,56469900287,56375690325,72964714501485,34719494237131
2014-11-18 18:20:07.793763,91,1416352807.83,48523845617546,107751858392640,89232936960,58589184,89232936960,58589184,15479484416,31864061952,56469903849,56375691700,72998739052683,34753340837888
2014-11-18 18:20:17.933700,101,1416352817.98,48559212616060,107822398299658,89253482496,58605568,89253482496,58605568,15499526144,31897145344,56469908082,56375693443,73033838662614,34788793275900
2014-11-18 18:20:28.094808,111,1416352828.14,48590458251040,107882383877527,89279819776,58626048,89279819776,58626048,15475126272,31608221696,56469918464,56375706235,73062378378268,34820209226174
2014-11-18 18:20:38.246462,121,1416352838.29,48627343100823,107957662743189,89309364224,58642432,89309364224,58642432,15503269888,31900631040,56469922892,56375707915,73100757495450,34857217967245
2014-11-18 18:20:48.394271,131,1416352848.43,48663753062987,108032028537597,89343488000,58658816,89343488000,58658816,15510573056,31913967616,56469927732,56375709142,73138602366765,34893632276978
2014-11-18 18:20:58.533952,142,1416352858.58,48701755124493,108105714979193,89367121920,58675200,89367121920,58675200,15518269440,31928659968,56469931375,56375710712,73174197175512,34931730193772
2014-11-18 18:21:08.693938,152,1416352868.74,48735057602184,108173134010039,89395580928,58703872,89395580928,58703872,15569002496,31850082304,56469956152,56375739718,73208287587297,34965228407551
2014-11-18 18:21:18.834039,162,1416352878.86,48771508848125,108248919111069,89427976192,58736640,89427976192,58736640,15525376000,31936757760,56469971975,56375753463,73247471703143,35002051417491
2014-11-18 18:21:28.982313,172,1416352889.02,48808701790210,108323956409737,89461653504,58769408,89461653504,58769408,15526785024,31936974848,56469978747,56375756000,73285157798330,35039033005231
2014-11-18 18:21:39.122764,182,1416352899.16,48844816163561,108396125052865,89485615104,58802176,89485615104,58802176,15516372992,31919783936,56469983791,56375757669,73321144823266,35075187839876
2014-11-18 18:21:49.264712,192,1416352909.31,48875557235548,108456326947482,89516683264,58839040,89516683264,58839040,15522553856,31689216000,56470003772,56375775175,73350441963877,35106142019066
2014-11-18 18:21:59.470597,203,1416352919.52,48912708747660,108534133583269,89547415552,58871808,89547415552,58871808,15504953344,31882035200,56470012560,56375780847,73391251137567,35143361664545
2014-11-18 18:22:09.673692,213,1416352929.73,48948564696149,108606678858230,89565487104,58912768,89565487104,58912768,15523131392,31939301376,56470017600,56375782521,73427651666635,35179303609790
2014-11-18 18:22:19.891977,223,1416352939.93,48985112293111,108677238956603,89584701440,58945536,89584701440,58945536,15506567168,31922454528,56470023353,56375784686,73461532262129,35215907485264
2014-11-18 18:22:30.033551,233,1416352950.07,49016541174964,108737232696909,89614286848,58982400,89614286848,58982400,15516106752,31819608064,56470040449,56375867234,73489964676588,35247463218023
2014-11-18 18:22:40.173411,243,1416352960.22,49052538727543,108811495612545,89647595520,59015168,89647595520,59015168,15478681600,31893221376,56470049574,56375874158,73528357896319,35283804810877
2014-11-18 18:22:50.341684,253,1416352970.39,49091166216948,108887015011188,89679806464,59047936,89679806464,59047936,15466188800,31877885952,56470059308,56375876544,73564981215179,35322273821906
2014-11-18 18:23:00.493550,264,1416352980.54,49126007102322,108957161807580,89702395904,59088896,89702395904,59088896,15235100672,31663779840,56470065087,56375878718,73600348847581,35357241536118
2014-11-18 18:23:10.653170,274,1416352990.69,49159442252163,109021049305115,89705533440,59121664,89705533440,59121664,15434158080,31628709888,56470079236,56375893827,73630434482321,35390781729737
2014-11-18 18:23:20.794192,284,1416353000.84,49197424404490,109095692159278,89731026944,59154432,89731026944,59154432,15408271360,31785938944,56470090521,56375901833,73667063627277,35428899010431
2014-11-18 18:23:30.955154,294,1416353011.0,49234466293371,109171186823574,89764024320,59191296,89764024320,59191296,15443582976,31855751168,56470095693,56375903771,73705775231770,35465965555167
2014-11-18 18:23:41.102674,304,1416353021.15,49267803779659,109240251916656,89786318848,59232256,89786318848,59232256,15241256960,31669673984,56470105887,56375906868,73741116775038,35499453587732
2014-11-18 18:23:51.262032,314,1416353031.31,49304010976307,109313694456600,89792225280,59265024,89792225280,59265024,15309623296,31757176832,56470117809,56375917556,73778202796855,35535703078137
2014-11-18 18:24:01.401992,324,1416353041.45,49344052627154,109387302178450,89815261184,59297792,89815261184,59297792,15462215680,31881519104,56470128325,56375928052,73811654893878,35575916145837
2014-11-18 18:24:11.553148,335,1416353051.6,49382410127859,109462660506661,89834704896,59330560,89834704896,59330560,15472492544,31897444352,56470136154,56375931669,73848561464285,35614312719184
2014-11-18 18:24:21.701831,345,1416353061.74,49417250639447,109535420804449,89853775872,59371520,89853775872,59371520,15252652032,31685189632,56470141591,56375933686,73886403059643,35649216069371
2014-11-18 18:24:31.841807,355,1416353071.89,49447362305992,109601141026611,89875939328,59404288,89875939328,59404288,15247159296,31689043968,56470152966,56375943392,73921832805678,35679430661419
2014-11-18 18:24:41.990861,365,1416353082.04,49485804034308,109667764642698,89897209856,59432960,89897209856,59432960,15467233280,31874555904,56470169818,56375956296,73950270781671,35718098956257
2014-11-18 18:24:52.152473,375,1416353092.2,49520760072499,109741263485134,89923829760,59465728,89923829760,59465728,15491993600,31924383744,56470175737,56375959126,73988380430461,35753093223441
2014-11-18 18:25:02.302329,385,1416353102.34,49551303221293,109806510365554,89947521024,59506688,89947521024,59506688,15289700352,31718526976,56470183579,56375962132,74023026255214,35783685554939
2014-11-18 18:25:12.434360,396,1416353112.48,49586900871082,109876963079349,89974710272,59543552,89974710272,59543552,15447289856,31867346944,56470197430,56375977097,74057919204936,35819458399306
2014-11-18 18:25:22.580947,406,1416353122.62,49623923375022,109939633334592,90015469568,59576320,90015469568,59576320,15496425472,31894126592,56470205574,56375982668,74083399268667,35856580609817
2014-11-18 18:25:32.735936,416,1416353132.77,49659787894926,110015291710630,90052894720,59613184,90052894720,59613184,15511580672,31921565696,56470213375,56375986727,74123032432850,35892510242023
2014-11-18 18:25:42.880333,426,1416353142.91,49692546102381,110083085977991,90074722304,59654144,90074722304,59654144,15272738816,31686868992,56470221989,56375988876,74157999316435,35925264870723
2014-11-18 18:25:53.021958,436,1416353153.07,49727844604815,110153997009555,90079756288,59686912,90079756288,59686912,15471616000,31893643264,56470236928,56376004356,74193475376728,35960722418103
2014-11-18 18:26:03.170767,446,1416353163.21,49766211229925,110218823841947,90080944128,59719680,90080944128,59719680,15467180032,31742484480,56470246389,56376075330,74219941525349,35999145293604
2014-11-18 18:26:13.310998,456,1416353173.35,49802633685016,110293670121522,90100678656,59752448,90100678656,59752448,15487234048,31946379264,56470253659,56376080179,74258380858399,36035782834122
2014-11-18 18:26:23.461490,467,1416353183.51,49835159199280,110366044274278,90105421824,59793408,90105421824,59793408,15265722368,31734808576,56470261502,56376083185,74298021978243,36068329779927
2014-11-18 18:26:33.610775,477,1416353193.65,49872905447956,110440602059522,90130558976,59826176,90130558976,59826176,15463931904,31941750784,56470276893,56376099379,74334654724827,36106205724700
2014-11-18 18:26:43.761535,487,1416353203.8,49910812264755,110505865264650,90152091648,59858944,90152091648,59858944,15460405248,31689801728,56470355979,56376103739,74361873210590,36144171399003
2014-11-18 18:26:53.901481,497,1416353213.95,49948397245920,110584913223250,90170761216,59895808,90170761216,59895808,15473717248,31953862656,56470364305,56376108973,74403317313903,36181985725733
2014-11-18 18:27:04.059748,507,1416353224.1,49984323304655,110658184130097,90193997824,59932672,90193997824,59932672,15434977280,31885561856,56470373295,56376116871,74440918956079,36217888610822
2014-11-18 18:27:14.211150,517,1416353234.25,50020340178820,110731747874840,90216321024,59969536,90216321024,59969536,15414984704,31840235520,56470386926,56376127588,74478008775760,36254074690678
2014-11-18 18:27:24.350401,527,1416353244.39,50057932689874,110799603406382,90236170240,60002304,90236170240,60002304,15440973824,31747461120,56470393197,56376130493,74508134457867,36291624186407
2014-11-18 18:27:34.501534,538,1416353254.54,50095736067966,110873723916702,90254077952,60035072,90254077952,60035072,15417192448,31856758784,56470400691,56376136200,74544375701441,36329504118196
2014-11-18 18:27:44.631876,548,1416353264.68,50129155631948,110943020745834,90263998464,60071936,90263998464,60071936,15390187520,31833030656,56470414872,56376145653,74580167723225,36363075577968
2014-11-18 18:27:54.779321,558,1416353274.83,50166824601786,111018529035133,90294145024,60108800,90294145024,60108800,15406665728,31872417792,56470425720,56376154918,74617972681139,36400885924528
2014-11-18 18:28:04.940925,568,1416353284.99,50204831190663,111089699899964,90329559040,60141568,90329559040,60141568,15426269184,31652745216,56470432105,56376157778,74650929325996,36438997233071
2014-11-18 18:28:15.081198,578,1416353295.13,50241292188122,111166508059662,90361253888,60174336,90361253888,60174336,15386329088,31763562496,56470440771,56376163826,74691259467713,36475575925649
2014-11-18 18:28:25.230543,588,1416353305.27,50276114647935,111237714931347,90378031104,60211200,90378031104,60211200,15397711872,31788593152,56470450956,56376172661,74727660363067,36510459352958
2014-11-18 18:28:35.381275,598,1416353315.43,50312066156391,111310525638742,90392289280,60248064,90392289280,60248064,15398121472,31807184896,56470462197,56376181711,74764283774811,36546515505170
2014-11-18 18:28:45.541500,609,1416353325.59,50349890709865,111381294604615,90411499520,60280832,90411499520,60280832,15410720768,31834198016,56470473023,56376186020,74797121901225,36584385054164
2014-11-18 18:28:55.689679,619,1416353335.73,50386048284838,111456538218350,90423668736,60313600,90423668736,60313600,15420620800,31860977664,56470480527,56376191457,74836107375078,36620638264356
2014-11-18 18:29:05.830467,629,1416353345.87,50415563206865,111523710848561,90424905728,60350464,90424905728,60350464,15415021568,31882407936,56470491121,56376199869,74873662232419,36650226756656
2014-11-18 18:29:15.968652,639,1416353356.01,50446410519037,111589658860889,90440343552,60391424,90440343552,60391424,15415361536,31907147776,56470502144,56376209337,74908666308793,36681169102600
2014-11-18 18:29:26.102352,649,1416353366.14,50484507225863,111660247224125,90471956480,60424192,90471956480,60424192,15431327744,31922008064,56470509843,56376213365,74941059061357,36719366096224
2014-11-18 18:29:36.289952,659,1416353376.33,50519976467728,111731615357502,90492153856,60456960,90492153856,60456960,15416262656,31895379968,56470518843,56376219668,74977194380280,36754956128377
2014-11-18 18:29:46.429757,670,1416353386.47,50553173646581,111802036304805,90518237184,60493824,90518237184,60493824,15421976576,31907819520,56470531023,56376228342,75014138367270,36788224499013
2014-11-18 18:29:56.566560,680,1416353396.61,50585801676285,111869679065326,90524528640,60530688,90524528640,60530688,15401201664,31897141248,56470543701,56376238721,75048912968753,36821000631233
2014-11-18 18:30:06.708731,690,1416353406.76,50622533100390,111938208384937,90531831808,60563456,90531831808,60563456,15402934272,31880638464,56470551149,56376308706,75080699112028,36857842622303
2014-11-18 18:30:16.869066,700,1416353416.91,50659960989398,112013022209570,90548609024,60596224,90548609024,60596224,15405412352,31905132544,56470558669,56376313730,75117922749259,36895326950507
2014-11-18 18:30:27.009002,710,1416353427.05,50691695362058,112080898904583,90577985536,60633088,90577985536,60633088,15412588544,31922450432,56470569844,56376322704,75154068297977,36927184080111
2014-11-18 18:30:37.149620,720,1416353437.19,50728708591967,112154454190891,90610606080,60669952,90610606080,60669952,15393112064,31896829952,56470579903,56376331528,75190350734184,36964330565796
2014-11-18 18:30:47.270260,730,1416353447.31,50765551533595,112224187324119,90647457792,60702720,90647457792,60702720,15431426048,31710502912,56470590650,56376335372,75223220857557,37001296520380
2014-11-18 18:30:57.415538,741,1416353457.45,50800725698156,112297511262483,90682970112,60735488,90682970112,60735488,15447498752,31930265600,56470598568,56376341587,75261293331766,37036673881593
2014-11-18 18:31:07.557812,751,1416353467.6,50834175214679,112365781680793,90710388736,60772352,90710388736,60772352,15443050496,31925567488,56470607613,56376349622,75295967528766,37070081641908
2014-11-18 18:31:17.718564,761,1416353477.77,50871017950758,112438530344209,90739765248,60809216,90739765248,60809216,15429619712,31892197376,56470621090,56376360442,75331724240905,37106985065606
2014-11-18 18:31:27.857709,771,1416353487.9,50906618620361,112508162700854,90750214144,60846080,90750214144,60846080,15448211456,31909306368,56470627304,56376363215,75365814987153,37142712217680
2014-11-18 18:31:38.009260,781,1416353498.05,50942979428762,112579004587135,90769031168,60878848,90769031168,60878848,15393189888,31794417664,56470634903,56376368582,75400076509842,37179142981533
2014-11-18 18:31:48.135577,791,1416353508.17,50971386688857,112644102100655,90790084608,60915712,90790084608,60915712,15245393920,31688925184,56470647301,56376373857,75436852252999,37207663485545
2014-11-18 18:31:58.279235,801,1416353518.32,51006003233895,112714612268134,90795515904,60952576,90795515904,60952576,15388041216,31838892032,56470660092,56376387651,75472548777552,37242370307570
2014-11-18 18:32:08.407801,811,1416353528.45,51044043197608,112784947013169,90797236224,60985344,90797236224,60985344,15396917248,31843192832,56470669085,56376392426,75504800894592,37280485961976
2014-11-18 18:32:18.558115,822,1416353538.6,51079943789051,112852136507750,90797359104,61018112,90797359104,61018112,15390023680,31848140800,56470676899,56376397958,75536040288352,37316494271850
2014-11-18 18:32:28.718598,832,1416353548.76,51114170907760,112923433134426,90805346304,61054976,90805346304,61054976,15376416768,31841550336,56470686927,56376406632,75572883889156,37351010804155
2014-11-18 18:32:38.869418,842,1416353558.91,51144725107788,112989849868417,90820595712,61091840,90820595712,61091840,15198007296,31688507392,56470696539,56376411406,75608604711905,37381530042834
2014-11-18 18:32:49.018323,852,1416353569.06,51182842692590,113059220279386,90839474176,61120512,90839474176,61120512,15387037696,31841931264,56470707530,56376419099,75639779407453,37419659101279
2014-11-18 18:32:59.169709,862,1416353579.21,51219503536999,113130221711617,90858156032,61157376,90858156032,61157376,15408791552,31875899392,56470715627,56376424837,75674297046985,37456440478785
2014-11-18 18:33:09.328778,872,1416353589.38,51253436670743,113200136876448,90869370880,61194240,90869370880,61194240,15395356672,31872208896,56470727571,56376435004,75709947979947,37490442675884
2014-11-18 18:33:19.472580,883,1416353599.51,51284801869770,113266736597766,90891980800,61231104,90891980800,61231104,15200112640,31684456448,56470734277,56376438008,75745016356052,37521846450302
2014-11-18 18:33:29.655607,893,1416353609.7,51321426283919,113334289827742,90931757056,61259776,90931757056,61259776,15444975616,31711055872,56470745853,56376447379,75776013457546,37558632964958
2014-11-18 18:33:39.873873,903,1416353619.91,51360297415794,113412895352675,90962407424,61292544,90962407424,61292544,15445839872,31898447872,56470754175,56376453866,75815727024864,37597633603495
2014-11-18 18:33:50.057981,913,1416353630.1,51394354825704,113485272431447,90994896896,61333504,90994896896,61333504,15459467264,31928475648,56470769315,56376529789,75853751971763,37631812550351
2014-11-18 18:34:00.208161,923,1416353640.26,51433134944930,113559428206924,91022983168,61366272,91022983168,61366272,15477854208,31935246336,56470776040,56376532370,75889100816557,37670633868697
2014-11-18 18:34:10.357736,933,1416353650.4,51469980219622,113629590594774,91052232704,61403136,91052232704,61403136,15486656512,31703584768,56470786082,56376540999,75922177542946,37707597442610
2014-11-18 18:34:20.511834,944,1416353660.55,51505882228952,113700950246229,91057147904,61435904,91057147904,61435904,15475286016,31925239808,56470794350,56376546219,75957618697640,37743552005877
2014-11-18 18:34:30.649985,954,1416353670.69,51542575291044,113776050563958,91057709056,61472768,91057709056,61472768,15469277184,31924260864,56470807039,56376557720,75995885797058,37780387087900
2014-11-18 18:34:40.798293,964,1416353680.85,51576895731860,113844201531313,91064438784,61513728,91064438784,61513728,15223291904,31699419136,56470812872,56376560133,76029656359267,37814765481394
2014-11-18 18:34:50.957496,974,1416353691.0,51614952891390,113915233791203,91064565760,61542400,91064565760,61542400,15429615616,31721746432,56470826630,56376569546,76062557523993,37853059481493
2014-11-18 18:35:01.103837,984,1416353701.15,51650473929850,113985642764092,91072450560,61587456,91072450560,61587456,15155875840,31560130560,56470834227,56376574584,76097399692179,37888528596371
2014-11-18 18:35:11.256723,994,1416353711.3,51688891839702,114063000495869,91105513472,61616128,91105513472,61616128,15382458368,31788625920,56470846237,56376585607,76136263934856,37927107240462
2014-11-18 18:35:21.407467,1004,1416353721.45,51721309220789,114133139731750,91121942528,61648896,91121942528,61648896,15412477952,31840518144,56470853214,56376588320,76173783525736,37959512300115
2014-11-18 18:35:31.548259,1015,1416353731.59,51755196449969,114200680773715,91142021120,61685760,91142021120,61685760,15422337024,31630860288,56470863598,56376597370,76207280247921,37993571311989
2014-11-18 18:35:41.686215,1025,1416353741.73,51788945442104,114268825570958,91164798976,61726720,91164798976,61726720,15234498560,31463997440,56470875341,56376603045,76241709765385,38027461111615
2014-11-18 18:35:51.841152,1035,1416353751.89,51827381298371,114346275043915,91206832128,61755392,91206832128,61755392,15471521792,31922778112,56470886222,56376613670,76280597104628,38065950955644
2014-11-18 18:36:01.997829,1045,1416353762.03,51860714754733,114414743032971,91239555072,61796352,91239555072,61796352,15244959744,31699222528,56470892917,56376616652,76315640269400,38099333229402
2014-11-18 18:36:12.146002,1055,1416353772.18,51898767059045,114487241986108,91251884032,61829120,91251884032,61829120,15461650432,31755530240,56470903710,56376625388,76349991242044,38137501483340
2014-11-18 18:36:22.276629,1065,1416353782.31,51934118911125,114556657073438,91274153984,61865984,91274153984,61865984,15221841920,31449018368,56470911247,56376630243,76383860412489,38172916186484
2014-11-18 18:36:32.426130,1076,1416353792.47,51970065960026,114627226854303,91299618816,61894656,91299618816,61894656,15468314624,31930400768,56470924681,56376642193,76418479069021,38209125428753
2014-11-18 18:36:42.587747,1086,1416353802.63,52004542085757,114698999550638,91317022720,61927424,91317022720,61927424,15462166528,31933558784,56470933784,56376644667,76455636971221,38243567651603
2014-11-18 18:36:52.723127,1096,1416353812.76,52040213513696,114766811864735,91319447552,61964288,91319447552,61964288,15418695680,31637463040,56470943856,56376653386,76487680699425,38279556070274
2014-11-18 18:37:02.865945,1106,1416353822.91,52074635124940,114838457636831,91319517184,62009344,91319517184,62009344,15207788544,31642324992,56470954200,56376659861,76524845054050,38313887104312
2014-11-18 18:37:13.026714,1116,1416353833.07,52115012478786,114912435510135,91344142336,62038016,91344142336,62038016,15433908224,31846703104,56470964737,56376670059,76558315590414,38354334994892
2014-11-18 18:37:23.177043,1126,1416353843.22,52149550573412,114982404720514,91368181760,62074880,91368181760,62074880,15453224960,31886753792,56470970958,56376672554,76593666962833,38388880832044
2014-11-18 18:37:33.317320,1136,1416353853.36,52182835363340,115050482356006,91371511808,62111744,91371511808,62111744,15445471232,31912787968,56470982152,56376681483,76628310699083,38422315309116
2014-11-18 18:37:43.445966,1147,1416353863.49,52216767455375,115118833754320,91377836032,62144512,91377836032,62144512,15440486400,31921446912,56470997003,56376759176,76662817692577,38456599158275
2014-11-18 18:37:53.605412,1157,1416353873.65,52252961006259,115190080556959,91409313792,62177280,91409313792,62177280,15455600640,31933083648,56471005107,56376763402,76697670463606,38492673076115
2014-11-18 18:38:03.756236,1167,1416353883.8,52287073953730,115260679276518,91438137344,62218240,91438137344,62218240,15472132096,31941816320,56471011697,56376766504,76734136661389,38526804032999
2014-11-18 18:38:13.904492,1177,1416353893.95,52316715626919,115324050797282,91466825728,62255104,91466825728,62255104,15227633664,31681323008,56471024201,56376778434,76767649148351,38556542515077
2014-11-18 18:38:24.046021,1187,1416353904.09,52356679373522,115399020159982,91493961728,62283776,91493961728,62283776,15460581376,31914070016,56471036194,56376788036,76802546761892,38596681891547
2014-11-18 18:38:34.185959,1197,1416353914.23,52392841469551,115471060193732,91513671680,62316544,91513671680,62316544,15474417664,31903875072,56471042738,56376792052,76838593594070,38632995607382
2014-11-18 18:38:44.338027,1207,1416353924.37,52427560493443,115539041926028,91536711680,62353408,91536711680,62353408,15481499648,31679152128,56471055558,56376801200,76871474258682,38667844565903
2014-11-18 18:38:54.477911,1218,1416353934.52,52461283603856,115609661861242,91558670336,62390272,91558670336,62390272,15469113344,31865397248,56471069300,56376813397,76908292779239,38701575002918
2014-11-18 18:39:04.626188,1228,1416353944.66,52500263932430,115681354118969,91570782208,62423040,91570782208,62423040,15483031552,31661346816,56471075507,56376816016,76940893995999,38740728118108
2014-11-18 18:39:14.763964,1238,1416353954.81,52539933071533,115758982946074,91582971904,62455808,91582971904,62455808,15489122304,31888855040,56471083253,56376820515,76978821133200,38780395383588
2014-11-18 18:39:24.915627,1248,1416353964.97,52570160249146,115820854061158,91596267520,62500864,91596267520,62500864,15266701312,31657975808,56471095894,56376832291,77010368260949,38810674152799
2014-11-18 18:39:35.064445,1258,1416353975.11,52605442020972,115891070903432,91613970432,62529536,91613970432,62529536,15493799936,31871090688,56471107682,56376842121,77045196163738,38846090812034
2014-11-18 18:39:45.205023,1268,1416353985.24,52642562873785,115963430906392,91632074752,62562304,91632074752,62562304,15502344192,31874457600,56471116642,56376844232,77080292531650,38883415561864
2014-11-18 18:39:55.353698,1278,1416353995.39,52681581282837,116036345308814,91650068480,62595072,91650068480,62595072,15490768896,31836155904,56471123554,56376848661,77114140827516,38922452566096
2014-11-18 18:40:05.497348,1289,1416354005.54,52712155993049,116101092420620,91673776128,62631936,91673776128,62631936,15509291008,31870631936,56471135689,56376859414,77148504813585,38953079454844
2014-11-18 18:40:15.654439,1299,1416354015.7,52746897588971,116173232043547,91706011648,62668800,91706011648,62668800,15514910720,31890493440,56471148614,56376870251,77185539304116,38987975275218
2014-11-18 18:40:25.805526,1309,1416354025.85,52782774072090,116247453927074,91721027584,62701568,91721027584,62701568,15527735296,31910330368,56471153936,56376872412,77223723414771,39023964433131
2014-11-18 18:40:35.945023,1319,1416354035.99,52819532583861,116320204362044,91738316800,62734336,91738316800,62734336,15545761792,31924490240,56471161564,56376876682,77259652429639,39060927164301
2014-11-18 18:40:46.081616,1329,1416354046.12,52852270684988,116389863874130,91742916608,62775296,91742916608,62775296,15501336576,31874924544,56471175144,56376886836,77296655371056,39093657549134
2014-11-18 18:40:56.223198,1339,1416354056.26,52889298638567,116462704712727,91743965184,62808064,91743965184,62808064,15501602816,31826407424,56471188127,56376897736,77332200052462,39131085856109
2014-11-18 18:41:06.366940,1349,1416354066.41,52926224392139,116536271416088,91744153600,62844928,91744153600,62844928,15503249408,31843577856,56471194948,56376900396,77368724662649,39168004879954
2014-11-18 18:41:16.513904,1360,1416354076.56,52960039737185,116603189737911,91744153600,62877696,91744153600,62877696,15502319616,31852085248,56471200824,56376903345,77401827451956,39201745741487
2014-11-18 18:41:26.665253,1370,1416354086.71,52990844257940,116666525346784,91751313408,62914560,91751313408,62914560,15303561216,31672049664,56471210720,56376974415,77434265979700,39232541836723
2014-11-18 18:41:36.813699,1380,1416354096.86,53025799060993,116737898199343,91751661568,62947328,91751661568,62947328,15498649600,31895478272,56471226581,56376991682,77470534713744,39267649994234
2014-11-18 18:41:46.975144,1390,1416354107.02,53063282954841,116810499328507,91751661568,62980096,91751661568,62980096,15497748480,31929335808,56471235057,56376993818,77505610951429,39305220394515
2014-11-18 18:41:57.126533,1400,1416354117.16,53100436631531,116883048342049,91751661568,63012864,91751661568,63012864,15478272000,31900057600,56471242267,56376997522,77540923851169,39342874709498
2014-11-18 18:42:07.274311,1410,1416354127.32,53133738803428,116948221556179,91751727104,63053824,91751727104,63053824,15460978688,31866388480,56471252961,56377007866,77572745919530,39375837031641
2014-11-18 18:42:17.410506,1420,1416354137.45,53170956752411,117022725389109,91751727104,63090688,91751727104,63090688,15446892544,31834841088,56471267155,56377019823,77609808569068,39413113543740
2014-11-18 18:42:27.553312,1431,1416354147.6,53210314253361,117100629277159,91751727104,63123456,91751727104,63123456,15448428544,31839019008,56471273091,56377021868,77648269603952,39452626159376
2014-11-18 18:42:37.693789,1441,1416354157.74,53245212314232,117172842302357,91751727104,63156224,91751727104,63156224,15450607616,31844073472,56471279243,56377025312,77685511186840,39487903191919
2014-11-18 18:42:47.852312,1451,1416354167.9,53280408943328,117243325355274,91751727104,63193088,91751727104,63193088,15432601600,31792361472,56471294933,56377036597,77720900574656,39522915551251
2014-11-18 18:42:58.012278,1461,1416354178.06,53313000437615,117315069602936,91751727104,63229952,91751727104,63229952,15439708160,31807815680,56471307024,56377047147,77759780309622,39555619690982
2014-11-18 18:43:08.173825,1471,1416354188.22,53350036296496,117390285880916,91751727104,63262720,91751727104,63262720,15442132992,31813136384,56471313832,56377050203,77797861198896,39592685039673
2014-11-18 18:43:18.333742,1481,1416354198.38,53387667726869,117463113533709,91751727104,63295488,91751727104,63295488,15446142976,31810150400,56471321078,56377054391,77832958892524,39630393960322
2014-11-18 18:43:28.483710,1492,1416354208.53,53421299284490,117529884731769,91751727104,63332352,91751727104,63332352,15433146368,31756947456,56471331425,56377063397,77866035046278,39664138187923
2014-11-18 18:43:38.634656,1502,1416354218.68,53453842728165,117601449653422,91751727104,63369216,91751727104,63369216,15424368640,31765606400,56471344382,56377074913,77904860404224,39696763248888
2014-11-18 18:43:48.822005,1512,1416354228.86,53491304426122,117674750330310,91751727104,63401984,91751727104,63401984,15433994240,31788220416,56471354032,56377078226,77940666156132,39734361893772
2014-11-18 18:43:58.959609,1522,1416354238.99,53527577769189,117745890009217,91751727104,63434752,91751727104,63434752,15436062720,31779627008,56471360442,56377082283,77975906069298,39770740102291
2014-11-18 18:44:09.112569,1532,1416354249.14,53562064680901,117816717732314,91751727104,63471616,91751727104,63471616,15429341184,31767371776,56471373532,56377093947,78011629280040,39805287731996
2014-11-18 18:44:19.243299,1542,1416354259.29,53598588664423,117887948963996,91751727104,63508480,91751727104,63508480,15433539584,31779463168,56471385790,56377104191,78046284791334,39841981709181
2014-11-18 18:44:29.393546,1552,1416354269.43,53638194505165,117962785646599,91751727104,63541248,91751727104,63541248,15433703424,31791329280,56471391296,56377106277,78081472854809,39881855309323
2014-11-18 18:44:39.539243,1563,1416354279.58,53674331278335,118031848629098,91751727104,63574016,91751727104,63574016,15439298560,31785615360,56471398476,56377110333,78114364827843,39917985263081
2014-11-18 18:44:49.702235,1573,1416354289.74,53704897879186,118097946682703,91751727104,63610880,91751727104,63610880,15430844416,31779758080,56471412437,56377120950,78149880520697,39948489704578
2014-11-18 18:44:59.851344,1583,1416354299.89,53742639268427,118172822042744,91751727104,63651840,91751727104,63651840,15431172096,31777357824,56471427253,56377198228,78186718430466,39986356104022
2014-11-18 18:45:10.031792,1593,1416354310.09,53779816463476,118248179799102,91751727104,63684608,91751727104,63684608,15432982528,31784218624,56471432567,56377200227,78224874388770,40023586061766
2014-11-18 18:45:20.204114,1603,1416354320.25,53815980390207,118315860200723,91751727104,63717376,91751727104,63717376,15435825152,31784808448,56471439317,56377204324,78256218759932,40059818850664
2014-11-18 18:45:30.351065,1613,1416354330.39,53845286969148,118381839918989,91751727104,63754240,91751727104,63754240,15265206272,31610736640,56471449169,56377210524,78292843167494,40089257795291
2014-11-18 18:45:40.491845,1624,1416354340.54,53883300740647,118456298547189,91751727104,63791104,91751727104,63791104,15449190400,31796740096,56471463855,56377225590,78329189194176,40127622333743
2014-11-18 18:45:50.652620,1634,1416354350.69,53921135368569,118529446190638,91751727104,63823872,91751727104,63823872,15448231936,31798288384,56471472513,56377227808,78364443911673,40165302191663
2014-11-18 18:46:00.792961,1644,1416354360.83,53956988957278,118599889959464,91751727104,63856640,91751727104,63856640,15450783744,31806078976,56471480035,56377232285,78398813126008,40201220675997
2014-11-18 18:46:10.932416,1654,1416354370.97,53993698278953,118672630411054,91751731200,63893504,91751731200,63893504,15441326080,31763877888,56471491141,56377242824,78434797638764,40238122928965
2014-11-18 18:46:21.072388,1664,1416354381.11,54029162937680,118746156512934,91751731200,63930368,91751731200,63930368,15438155776,31763738624,56471504143,56377253067,78472804923222,40273678724561
2014-11-18 18:46:31.221430,1674,1416354391.27,54067600751432,118821922886593,91751731200,63967232,91751731200,63967232,15440048128,31770931200,56471510342,56377255681,78510092034174,40312144915361
2014-11-18 18:46:41.381421,1684,1416354401.43,54104014888909,118887754293183,91751731200,64000000,91751731200,64000000,15442800640,31540654080,56471516740,56377259138,78539296822327,40348682988919
2014-11-18 18:46:51.541293,1695,1416354411.59,54138665808269,118960843042992,91751731200,64036864,91751731200,64036864,15439241216,31768141824,56471531741,56377270573,78577657275591,40383716241713
2014-11-18 18:47:01.701211,1705,1416354421.75,54174309273955,119032742592738,91751731200,64069632,91751731200,64069632,15449124864,31780511744,56471543572,56377280562,78613775214392,40419343625988
2014-11-18 18:47:11.851920,1715,1416354431.89,54211000978272,119105268577146,91751731200,64102400,91751731200,64102400,15447539712,31781232640,56471552143,56377284604,78649682763820,40455927686906
2014-11-18 18:47:21.991056,1725,1416354442.04,54248288878405,119174641023033,91751731200,64135168,91751731200,64135168,15449804800,31652737024,56471558779,56377288907,78681548684948,40493556844351
2014-11-18 18:47:32.155735,1735,1416354452.2,54279308402556,119244489092305,91751731200,64172032,91751731200,64172032,15440089088,31762112512,56471569234,56377298910,78720319814102,40524605997333
2014-11-18 18:47:42.312254,1745,1416354462.36,54315058944826,119316667741344,91751731200,64208896,91751731200,64208896,15436361728,31762673664,56471585244,56377309888,78756628558227,40560301776644
2014-11-18 18:47:52.470811,1756,1416354472.51,54350886519232,119388844267812,91751731200,64241664,91751731200,64241664,15445020672,31775682560,56471591530,56377312634,78792848734867,40596203979743
2014-11-18 18:48:02.621534,1766,1416354482.67,54384484976863,119452870231336,91751731200,64274432,91751731200,64274432,15448584192,31763857408,56471597929,56377316797,78823581499263,40629973507095
2014-11-18 18:48:12.781452,1776,1416354492.83,54413148729885,119521372877697,91751731200,64311296,91751731200,64311296,15308390400,31627948032,56471607533,56377322585,78863169237423,40658717490372
2014-11-18 18:48:22.941351,1786,1416354502.99,54450959624296,119595424311552,91751731200,64348160,91751731200,64348160,15471243264,31793340416,56471621452,56377337242,78899357497105,40697107234713
2014-11-18 18:48:33.111260,1796,1416354513.15,54488057253582,119668873405213,91751731200,64385024,91751731200,64385024,15472193536,31801655296,56471628862,56377340182,78935350818558,40734100845676
2014-11-18 18:48:43.286849,1806,1416354523.32,54523005481692,119735051951785,91751731200,64417792,91751731200,64417792,15477288960,31771017216,56471638536,56377344551,78966554258897,40768819058065
2014-11-18 18:48:53.441028,1817,1416354533.48,54556798006964,119807259815563,91751731200,64454656,91751731200,64454656,15468503040,31791960064,56471650175,56377421179,79004823076560,40802661705435
2014-11-18 18:49:03.587107,1827,1416354543.63,54594588212743,119880560870679,91751731200,64491520,91751731200,64491520,15468961792,31795269632,56471662352,56377431002,79040494175092,40840582549425
2014-11-18 18:49:13.740543,1837,1416354553.77,54632753958150,119952920021748,91751731200,64524288,91751731200,64524288,15476002816,31572119552,56471669565,56377434381,79074340735278,40878904117826
2014-11-18 18:49:23.890757,1847,1416354563.94,54667712045354,120018016427665,91751731200,64557056,91751731200,64557056,15483879424,31593168896,56471677709,56377439180,79104384879528,40913895263795
2014-11-18 18:49:34.050018,1857,1416354574.1,54701075136747,120090283355103,91751731200,64593920,91751731200,64593920,15483428864,31808880640,56471689266,56377450097,79143197591858,40947361714837
2014-11-18 18:49:44.204718,1867,1416354584.25,54732264989189,120156854128247,91751731200,64630784,91751731200,64630784,15466217472,31794479104,56471701540,56377458852,79178487760197,40978648280047
2014-11-18 18:49:54.346920,1877,1416354594.39,54769392927470,120229012459837,91751731200,64663552,91751731200,64663552,15480938496,31820607488,56471709649,56377462209,79213345476737,41016136335803
2014-11-18 18:50:04.487343,1888,1416354604.53,54805489135740,120295868989505,91751731200,64696320,91751731200,64696320,15483895808,31791087616,56471716693,56377467065,79244070609384,41052022006036
2014-11-18 18:50:14.640558,1898,1416354614.69,54840889725408,120370951394057,91751735296,64733184,91751735296,64733184,15480594432,31800668160,56471729531,56377478673,79283789912516,41087558332970
2014-11-18 18:50:24.789281,1908,1416354624.83,54872212650871,120439154533274,91751735296,64774144,91751735296,64774144,15316234240,31639330816,56471737949,56377482679,79320444675614,41118991821048
2014-11-18 18:50:34.929565,1918,1416354634.97,54912166209632,120515784627781,91751735296,64806912,91751735296,64806912,15480020992,31813083136,56471746918,56377490438,79356999357495,41158991616506
2014-11-18 18:50:45.062552,1928,1416354645.11,54948290512748,120581948515809,91751735296,64839680,91751735296,64839680,15486771200,31798784000,56471758380,56377495674,79386999927451,41195242189269
2014-11-18 18:50:55.208534,1938,1416354655.26,54983973151802,120655569795977,91751735296,64876544,91751735296,64876544,15479480320,31798386688,56471770522,56377506786,79424835573480,41230976378544
2014-11-18 18:51:05.362195,1948,1416354665.4,55016448950964,120724727798608,91751735296,64913408,91751735296,64913408,15249235968,31571374080,56471777283,56377509900,79461437353749,41263478489159
2014-11-18 18:51:15.500059,1959,1416354675.55,55055727114120,120799316811572,91751735296,64942080,91751735296,64942080,15479140352,31804112896,56471788101,56377518704,79496648068628,41302921626743
2014-11-18 18:51:25.649226,1969,1416354685.7,55092182137309,120864267087837,91751796736,64974848,91751796736,64974848,15489835008,31792893952,56471794638,56377522289,79525157911601,41339443868063
2014-11-18 18:51:35.809903,1979,1416354695.85,55123685806357,120936133143105,91751800832,65011712,91751800832,65011712,15480000512,31800258560,56471806555,56377534075,79565338698732,41371038375456
2014-11-18 18:51:45.948139,1989,1416354705.99,55156197485571,121003632009328,91751800832,65044480,91751800832,65044480,15487471616,31811928064,56471817143,56377537210,79600152609325,41403618534412
2014-11-18 18:51:56.078056,1999,1416354716.12,55191062900839,121076022127961,91751800832,65081344,91751800832,65081344,15480217600,31808397312,56471827525,56377546100,79637630986929,41438620512636
2014-11-18 18:52:06.239649,2009,1416354726.28,55225973669678,121141197921950,91751800832,65118208,91751800832,65118208,15479033856,31787405312,56471833897,56377548681,79667775385344,41473775076447
2014-11-18 18:52:16.379616,2019,1416354736.42,55262934004362,121217636713605,91751800832,65155072,91751800832,65155072,15475924992,31792152576,56471847711,56377562349,79707199393842,41510924790036
2014-11-18 18:52:26.529487,2030,1416354746.57,55299328335219,121290930918642,91751800832,65187840,91751800832,65187840,15488667648,31811051520,56471854040,56377565018,79744115514158,41547117725571
2014-11-18 18:52:36.671553,2040,1416354756.71,55331132601827,121359750419644,91751800832,65224704,91751800832,65224704,15474995200,31800315904,56471864039,56377573165,79780944692202,41579139166935
2014-11-18 18:52:46.818558,2050,1416354766.87,55366981410745,121421794692295,91751800832,65257472,91751800832,65257472,15477420032,31769776128,56471874093,56377642607,79807032977502,41615326971798
2014-11-18 18:52:56.979051,2060,1416354777.02,55399860344520,121496312715682,91751800832,65294336,91751800832,65294336,15478157312,31796961280,56471887702,56377655512,79848536029707,41648048400204
2014-11-18 18:53:07.133078,2070,1416354787.17,55434388623870,121567216661489,91751800832,65327104,91751800832,65327104,15506948096,31828680704,56471894505,56377658623,79884819290039,41682560929132
2014-11-18 18:53:17.267917,2080,1416354797.31,55470823309685,121639296778191,91751800832,65363968,91751800832,65363968,15473201152,31796211712,56471904820,56377667381,79920333024956,41719132114776
2014-11-18 18:53:27.405081,2090,1416354807.45,55507559280172,121703622324597,91751800832,65396736,91751800832,65396736,15489368064,31606231040,56471912823,56377671824,79948174382887,41755973723010
2014-11-18 18:53:37.558159,2101,1416354817.61,55542816279636,121777742123070,91751800832,65433600,91751800832,65433600,15479750656,31794225152,56471925683,56377684042,79986629001725,41791376210051
2014-11-18 18:53:47.718066,2111,1416354827.76,55579042931938,121850248148206,91751800832,65466368,91751800832,65466368,15489998848,31809396736,56471935051,56377686777,80022888037224,41827792203445
2014-11-18 18:53:57.869510,2121,1416354837.91,55612493541840,121920540020880,91751800832,65503232,91751800832,65503232,15472779264,31784054784,56471946277,56377695960,80059808109152,41861219581946
2014-11-18 18:54:08.048609,2131,1416354848.09,55648121056177,121983519226244,91751800832,65548288,91751800832,65548288,15243427840,31317028864,56471952252,56377698595,80086774251500,41896892865196
2014-11-18 18:54:18.198689,2141,1416354858.25,55683777553393,122057894957793,91751800832,65576960,91751800832,65576960,15471595520,31777226752,56471966502,56377712036,80125813573069,41932682164543
2014-11-18 18:54:28.347359,2151,1416354868.39,55719077789160,122130851456192,91751800832,65609728,91751800832,65609728,15474118656,31781978112,56471972422,56377714588,80162977028804,41968051280521
2014-11-18 18:54:38.498493,2162,1416354878.55,55752470362536,122200656562645,91751800832,65642496,91751800832,65642496,15470698496,31782215680,56471982540,56377723227,80199333129803,42001793319379
2014-11-18 18:54:48.657321,2172,1416354888.71,55788521658462,122264092919427,91751800832,65683456,91751800832,65683456,15278174208,31217385472,56471994626,56377727782,80226662492431,42037805156350
2014-11-18 18:54:58.816670,2182,1416354898.87,55826535448934,122343447738620,91751800832,65720320,91751800832,65720320,15473827840,31779745792,56472006223,56377739943,80268048785374,42075961605092
2014-11-18 18:55:08.986581,2192,1416354909.03,55864255812700,122418796017595,91751800832,65753088,91751800832,65753088,15473930240,31782510592,56472012859,56377742334,80305580183229,42113701966687
2014-11-18 18:55:19.147074,2202,1416354919.19,55897951866692,122490321703096,91751800832,65785856,91751800832,65785856,15475687424,31775293440,56472022497,56377750783,80343159452044,42147558823101
2014-11-18 18:55:29.308457,2212,1416354929.35,55932837417449,122550514332317,91751800832,65822720,91751800832,65822720,15457427456,31296159744,56472032610,56377759443,80368170876436,42182499362976
2014-11-18 18:55:39.450206,2223,1416354939.5,55971444291060,122627031612509,91751800832,65855488,91751800832,65855488,15469608960,31759081472,56472043689,56377767623,80406193674950,42221217879846
2014-11-18 18:55:49.600084,2233,1416354949.64,56009770701007,122702834646224,91751800832,65888256,91751800832,65888256,15468564480,31761014784,56472052172,56377769754,80443467303122,42259638242356
2014-11-18 18:55:59.757862,2243,1416354959.8,56041220194240,122771034235721,91751800832,65925120,91751800832,65925120,15463391232,31761264640,56472061352,56377777736,80480137568359,42291188076283
2014-11-18 18:56:09.907766,2253,1416354969.95,56071375111854,122831443853177,91751800832,65961984,91751800832,65961984,15298162688,31437733888,56472071947,56377783535,80510273573064,42321454973854
2014-11-18 18:56:20.066919,2263,1416354980.11,56109147066667,122905562384477,91772747776,65994752,91772747776,65994752,15489560576,31796744192,56472084152,56377861606,80546581278652,42359333786047
2014-11-18 18:56:30.252838,2273,1416354990.29,56146006004205,122982175433986,91773657088,66027520,91773657088,66027520,15490531328,31817248768,56472090788,56377863997,80586135730377,42396248181641
2014-11-18 18:56:40.395912,2283,1416355000.45,56173844748105,123034745535016,91773673472,66064384,91773673472,66064384,15495438336,31761666048,56472105192,56377879110,80610841142537,42424191673306
2014-11-18 18:56:50.597444,2294,1416355010.64,56212547287857,123115643166970,91773673472,66097152,91773673472,66097152,15478755328,31812136960,56472117156,56377887093,80652850873359,42462983147797
2014-11-18 18:57:00.776628,2304,1416355020.82,56245051432931,123185237066740,91773673472,66129920,91773673472,66129920,15485485056,31835435008,56472124204,56377889890,80689872637452,42495490677482
2014-11-18 18:57:10.917324,2314,1416355030.96,56276912218264,123242851097447,91806298112,66170880,91806298112,66170880,15509114880,31847120896,56472140168,56377906568,80715475454853,42527548708025
2014-11-18 18:57:21.066418,2324,1416355041.11,56316996018776,123321634134171,91838365696,66203648,91838365696,66203648,15529398272,31871148032,56472149075,56377912452,80754320818770,42567784404880
2014-11-18 18:57:31.221127,2334,1416355051.27,56349407325859,123388839768982,91845799936,66244608,91845799936,66244608,15382077440,31734063104,56472157609,56377916924,80788745517693,42600225644288
2014-11-18 18:57:41.392223,2344,1416355061.44,56385674496799,123456668873498,91862900736,66281472,91862900736,66281472,15537455104,31871336448,56472173394,56377934499,80820288291284,42636642556626
2014-11-18 18:57:51.547028,2355,1416355071.58,56421060228481,123527605507324,91878313984,66314240,91878313984,66314240,15549415424,31876784128,56472183716,56377938356,80855707980085,42672198400419
2014-11-18 18:58:01.686100,2365,1416355081.73,56449885512135,123588015073122,91883958272,66351104,91883958272,66351104,15520206848,31840239616,56472196802,56377952704,80887242875439,42701067724056
2014-11-18 18:58:11.836913,2375,1416355091.88,56489929784897,123661051068212,91898392576,66383872,91898392576,66383872,15549796352,31880892416,56472208299,56377960361,80920179894271,42741536893887
2014-11-18 18:58:21.995978,2385,1416355102.05,56527302812960,123734479505388,91910213632,66416640,91910213632,66416640,15552999424,31889694720,56472214983,56377963599,80956070433346,42778617093240
2014-11-18 18:58:32.145020,2395,1416355112.18,56558940565657,123794508359571,91910213632,66453504,91910213632,66453504,15551782912,31681605632,56472230443,56377979843,80984354788241,42810345476620
2014-11-18 18:58:42.285741,2405,1416355122.33,56597599193078,123871088321505,91910213632,66486272,91910213632,66486272,15542960128,31908347904,56472244921,56377988035,81022557909005,42849137831558
2014-11-18 18:58:52.436547,2416,1416355132.48,56626544466215,123931529243416,91910213632,66531328,91910213632,66531328,15542161408,31884906496,56472255471,56377997025,81053635144115,42878154431527
2014-11-18 18:59:02.586165,2426,1416355142.63,56661878319989,124000378596904,91910213632,66560000,91910213632,66560000,15536193536,31918051328,56472270034,56378076585,81087084759075,42913567512920
2014-11-18 18:59:12.731848,2436,1416355152.77,56691478580465,124067591798688,91910213632,66600960,91910213632,66600960,15358193664,31762661376,56472279238,56378081620,81124468766142,42943313148930
2014-11-18 18:59:22.876354,2446,1416355162.93,56722334520998,124132964569469,91933765632,66637824,91933765632,66637824,15505084416,31870226432,56472293318,56378097430,81158919110374,42974486162875
2014-11-18 18:59:33.017227,2456,1416355173.07,56763371888593,124207435962770,91944763392,66670592,91944763392,66670592,15517667328,31880540160,56472302113,56378102785,81192328635308,43015385500144
2014-11-18 18:59:43.176544,2466,1416355183.22,56795484697588,124270273702402,91962462208,66711552,91962462208,66711552,15537704960,31764156416,56472317460,56378113777,81222906765223,43047557908195
2014-11-18 18:59:53.325282,2476,1416355193.36,56814138245443,124316462243803,91981766656,66744320,91981766656,66744320,15320547328,31336689664,56472326861,56378119384,81250267232537,43066275517668
2014-11-18 19:00:03.475261,2487,1416355203.54,56823228055323,124338723627798,91984289792,66772992,91984289792,66772992,15096889344,31027122176,56472340572,56378127856,81263374766641,43075409135954
2014-11-18 19:00:13.655955,2497,1416355213.71,56828290749368,124352262061003,91984289792,66797568,91984289792,66797568,14914965504,30771593216,56472363732,56378144362,81271739016044,43080585557295
2014-11-18 19:00:23.835866,2507,1416355223.9,56837562037814,124370689734598,91984289792,66826240,91984289792,66826240,14916677632,30772043776,56472709527,56378465265,81280758680766,43089993409281
2014-11-18 19:00:34.011978,2517,1416355234.06,56846858537074,124389828365745,91984289792,66850816,91984289792,66850816,14918311936,30777573376,56473009713,56378795189,81290497708372,43099423547493
2014-11-18 19:00:44.164999,2527,1416355244.22,56853358258081,124405414339491,91984322560,66871296,91984322560,66871296,14934601728,30788616192,56473354840,56379185769,81299507034616,43106015519044
2014-11-18 19:00:54.324807,2537,1416355254.38,56862212107807,124423087429209,91984412672,66895872,91984412672,66895872,14937174016,30794321920,56473681369,56379494541,81308202787654,43114982064194
2014-11-18 19:01:04.481841,2548,1416355264.53,56870932751861,124438843107930,91984412672,66924544,91984412672,66924544,14926606336,30790238208,56474041980,56379836105,81315118003280,43123886206335
2014-11-18 19:01:14.643775,2558,1416355274.68,56879610742601,124456502227103,91984416768,66949120,91984416768,66949120,14927003648,30793502720,56474369865,56380155230,81324005091397,43132659592335
2014-11-18 19:01:24.784819,2568,1416355284.83,56886494523057,124472469881972,91984416768,66977792,91984416768,66977792,14905991168,30769283072,56474622219,56380369110,81333005136323,43139627061752
2014-11-18 19:01:34.934488,2578,1416355295.0,56893307433000,124486586419497,91984420864,66998272,91984420864,66998272,14938886144,30837850112,56474950437,56380679418,81340145752811,43146505360994
2014-11-18 19:01:45.125280,2588,1416355305.19,56902140311769,124504760042564,91984420864,67022848,91984420864,67022848,14940655616,30840922112,56475267995,56381063981,81349343297063,43155474037081
2014-11-18 19:01:55.305962,2598,1416355315.35,56910751403129,124522173643302,91984429056,67047424,91984429056,67047424,14940434432,30842134528,56475603927,56381392113,81358035717357,43164197050299
2014-11-18 19:02:05.475475,2609,1416355325.54,56917381013802,124536114380301,91984429056,67072000,91984429056,67072000,14919417856,30800543744,56475768159,56381575871,81365235079000,43170950304848
2014-11-18 19:02:15.665113,2619,1416355335.73,56921657435849,124549620918411,91984429056,67092480,91984429056,67092480,14851432448,30629326848,56476085616,56381900827,81374356664003,43175328523632
2014-11-18 19:02:25.864763,2629,1416355345.92,56924513394453,124560382576277,91984592896,67108864,91984592896,67108864,14730526720,30244933632,56476210733,56382003962,81382141648460,43178296449459
