2014-11-18 18:18:36.461738,0,1416352716.46,52423271955311,107113143418286,91529666560,266735616,91529666560,266735616,15802703872,31930978304,56377198235,56469412508,72678682182661,34434776898985
2014-11-18 18:18:46.625612,10,1416352726.63,52460984856733,107187607680197,91558121472,266752000,91558121472,266752000,15794176000,31927197696,56377199462,56469417348,72716521352952,34471312184483
2014-11-18 18:18:56.774904,20,1416352736.78,52496183387162,107257655773572,91586035712,266768384,91586035712,266768384,15794913280,31924826112,56377201308,56469421834,72751851736831,34506072602455
2014-11-18 18:19:06.924287,30,1416352746.92,52523379016367,107314269731982,91601125376,266797056,91601125376,266797056,15544012800,31651192832,56377211986,56469430975,72779134757042,34535377241278
2014-11-18 18:19:17.063387,40,1416352757.06,52561690810908,107393517288348,91636977664,266809344,91636977664,266809344,15792463872,31885684736,56377213817,56469435713,72817591232699,34576387670100
2014-11-18 18:19:27.204978,50,1416352767.21,52600296826965,107471906334233,91673411584,266825728,91673411584,266825728,15829696512,31923220480,56377215144,56469438893,72856320041255,34616005844060
2014-11-18 18:19:37.354049,60,1416352777.35,52636114825000,107544439106859,91703738368,266842112,91703738368,266842112,15840174080,31928483840,56377216714,56469442536,72892366408615,34652360088507
2014-11-18 18:19:47.503934,71,1416352787.5,52668525191883,107606358713670,91729575936,266891264,91729575936,266891264,15594708992,31625486336,56377227687,56469452506,72924889345154,34681961901856
2014-11-18 18:19:57.654033,81,1416352797.65,52708253289641,107683868206860,91766513664,266907648,91766513664,266907648,15796170752,31834128384,56377228980,56469455884,72964639178255,34719402397672
2014-11-18 18:20:07.793763,91,1416352807.79,52742092278926,107751628012313,91804061696,266924032,91804061696,266924032,15814713344,31867199488,56377230355,56469459446,72998618659124,34753239733516
2014-11-18 18:20:17.933700,101,1416352817.93,52777084680047,107822168270803,91830038528,266940416,91830038528,266940416,15826423808,31896805376,56377232348,56469463829,73033705911158,34788692388500
2014-11-18 18:20:28.094808,111,1416352828.09,52805468900620,107881910274895,91850199040,266960896,91850199040,266960896,15572803584,31607926784,56377242551,56469472331,73062324553129,34820059032197
2014-11-18 18:20:38.246462,121,1416352838.25,52843730707231,107957395839753,91887243264,266973184,91887243264,266973184,15837118464,31900246016,56377244382,56469477045,73100621944369,34857040798820
2014-11-18 18:20:48.394271,131,1416352848.39,52881493641019,108031781167851,91920347136,266989568,91920347136,266989568,15843545088,31913721856,56377245775,56469481951,73138486696310,34893541841287
2014-11-18 18:20:58.533952,142,1416352858.53,52916937368730,108105459266978,91948953600,267005952,91948953600,267005952,15851122688,31928434688,56377247345,56469485594,73174083866218,34931631112975
2014-11-18 18:21:08.693938,152,1416352868.69,52950674493185,108172803593651,91970396160,267038720,91970396160,267038720,15725588480,31847235584,56377272197,56469507761,73208049088162,34965084921877
2014-11-18 18:21:18.834039,162,1416352878.83,52989823967035,108248740736970,92004265984,267071488,92004265984,267071488,15864209408,31943360512,56377285926,56469523600,73247294372255,35001624738814
2014-11-18 18:21:28.982313,172,1416352888.98,53027449492868,108323719324801,92036349952,267104256,92036349952,267104256,15859732480,31936471040,56377288285,56469530096,73285053774470,35038902635267
2014-11-18 18:21:39.122764,182,1416352899.12,53063300090454,108395929246713,92063797248,267137024,92063797248,267137024,15855112192,31922753536,56377289954,56469535140,73321025048298,35075100004567
2014-11-18 18:21:49.264712,192,1416352909.26,53092508857717,108455990977169,92081225728,267177984,92081225728,267177984,15618211840,31690018816,56377304720,56469553170,73350357184258,35105969763224
2014-11-18 18:21:59.470597,203,1416352919.47,53132877309600,108533885050659,92121698304,267206656,92121698304,267206656,15829356544,31881887744,56377310506,56469562123,73390919375754,35143214207515
2014-11-18 18:22:09.673692,213,1416352929.67,53169137869697,108605929115975,92162465792,267239424,92162465792,267239424,15868207104,31939121152,56377312180,56469567163,73427492368610,35179180741617
2014-11-18 18:22:19.891977,223,1416352939.89,53203188402937,108677013698344,92205506560,267272192,92205506560,267272192,15868104704,31922388992,56377314511,56469572982,73461418411855,35215820544748
2014-11-18 18:22:30.033551,233,1416352950.03,53231471567236,108736991964286,92225552384,267309056,92225552384,267309056,15757008896,31824457728,56377394480,56469588272,73489854602059,35247378094850
2014-11-18 18:22:40.173411,243,1416352960.17,53269489790252,108811259014411,92271472640,267345920,92271472640,267345920,15868854272,31893078016,56377401233,56469597393,73528035411305,35283460201240
2014-11-18 18:22:50.341684,253,1416352970.34,53306100770800,108886734234253,92314923008,267378688,92314923008,267378688,15866261504,31877390336,56377403785,56469607193,73564840056682,35322174954506
2014-11-18 18:23:00.493550,264,1416352980.49,53341099022380,108956786416169,92357455872,267411456,92357455872,267411456,15882858496,31663628288,56377405959,56469612972,73600037248928,35357121356626
2014-11-18 18:23:10.653170,274,1416352990.65,53371513293868,109020772997196,92371722240,267448320,92371722240,267448320,15649271808,31627960320,56377418296,56469624987,73630381330014,35390667975101
2014-11-18 18:23:20.794192,284,1416353000.79,53407850248283,109095408239581,92409819136,267481088,92409819136,267481088,15840927744,31785672704,56377426490,56469636662,73666951597584,35428740561694
2014-11-18 18:23:30.955154,294,1416353010.96,53445886075816,109170433240037,92441604096,267517952,92441604096,267517952,15875629056,31855603712,56377428428,56469641834,73705320885799,35465862835222
2014-11-18 18:23:41.102674,304,1416353021.1,53481398655211,109239739964786,92461576192,267550720,92461576192,267550720,15891832832,31665991680,56377431691,56469652094,73740945811008,35499306105648
2014-11-18 18:23:51.262032,314,1416353031.26,53518670619200,109313378507073,92469944320,267583488,92469944320,267583488,15911235584,31753240576,56377439914,56469662151,73778073364087,35535621092513
2014-11-18 18:24:01.401992,324,1416353041.4,53551971056290,109387095307038,92482465792,267620352,92482465792,267620352,15885144064,31881138176,56377450017,56469672548,73811539065851,35575763075791
2014-11-18 18:24:11.553148,335,1416353051.55,53588728325342,109462363476321,92496642048,267653120,92496642048,267653120,15890644992,31897436160,56377453866,56469680575,73848458785254,35614201721407
2014-11-18 18:24:21.701831,345,1416353061.7,53626445209065,109535191853919,92516044800,267685888,92516044800,267685888,15899017216,31685058560,56377455883,56469686012,73886274809020,35649145995429
2014-11-18 18:24:31.841807,355,1416353071.84,53661694117700,109600796482821,92528001024,267722752,92528001024,267722752,15909015552,31689007104,56377464166,56469696315,73921779776328,35679356305046
2014-11-18 18:24:41.990861,365,1416353081.99,53689763444806,109667530823727,92559007744,267759616,92559007744,267759616,15882305536,31873937408,56377475867,56469712453,73949851771661,35717912871037
2014-11-18 18:24:52.152473,375,1416353092.15,53727781456242,109740687113046,92588797952,267792384,92588797952,267792384,15907827712,31924105216,56377478697,56469718372,73988294985536,35752968499598
2014-11-18 18:25:02.302329,385,1416353102.3,53762567084112,109806229662536,92607430656,267825152,92607430656,267825152,15904620544,31713337344,56377481869,56469726280,74022904397559,35783605967995
2014-11-18 18:25:12.434360,396,1416353112.43,53797183964528,109876559436378,92623183872,267857920,92623183872,267857920,15895863296,31867097088,56377494062,56469737997,74057652662585,35819310363779
2014-11-18 18:25:22.580947,406,1416353122.58,53822573290972,109939046784847,92643635200,267894784,92643635200,267894784,15875510272,31893639168,56377499774,56469746568,74083220327303,35856412943852
2014-11-18 18:25:32.735936,416,1416353132.74,53862233167144,110015016883907,92675325952,267927552,92675325952,267927552,15888412672,31920414720,56377503838,56469754290,74122933147506,35892358563124
2014-11-18 18:25:42.880333,426,1416353142.88,53897039006088,110082925510970,92710862848,267968512,92710862848,267968512,15893250048,31686852608,56377505987,56469762904,74157872250073,35925213727918
2014-11-18 18:25:53.021958,436,1416353153.02,53932352524312,110153543838484,92741885952,268001280,92741885952,268001280,15901945856,31893639168,56377518903,56469775817,74193388297049,35960608712506
2014-11-18 18:26:03.170767,446,1416353163.17,53958534151515,110218497990329,92758585344,268038144,92758585344,268038144,15751856128,31738941440,56377589976,56469785663,74219762984642,35999060835911
2014-11-18 18:26:13.310998,456,1416353173.31,53996845961743,110293370147778,92799848448,268070912,92799848448,268070912,15938985984,31945883648,56377594664,56469792788,74258103252397,36035566869125
2014-11-18 18:26:23.461490,467,1416353183.46,54036447259442,110365741508576,92836331520,268103680,92836331520,268103680,15949893632,31730884608,56377597836,56469800697,74297848071134,36068196203144
2014-11-18 18:26:33.610775,477,1416353193.61,54073014573819,110440363095646,92871536640,268136448,92871536640,268136448,15958507520,31941603328,56377611258,56469813954,74334541145989,36106060913533
2014-11-18 18:26:43.761535,487,1416353203.76,54100169931778,110505681837538,92891013120,268177408,92891013120,268177408,15711490048,31689768960,56377615608,56469893181,74361814289008,36144050975642
2014-11-18 18:26:53.901481,497,1416353213.9,54141329998654,110584346083659,92928647168,268206080,92928647168,268206080,15962234880,31953412096,56377620998,56469901714,74403199140759,36181709966985
2014-11-18 18:27:04.059748,507,1416353224.06,54178488813791,110657679743486,92965412864,268238848,92965412864,268238848,15948374016,31891025920,56377627547,56469909642,74440449647979,36217727840583
2014-11-18 18:27:14.211150,517,1416353234.21,54215786965048,110731288011231,93001506816,268271616,93001506816,268271616,15921008640,31839891456,56377637007,56469922267,74477893224117,36253854650723
2014-11-18 18:27:24.350401,527,1416353244.35,54245878221149,110799388371938,93011886080,268308480,93011886080,268308480,15799529472,31745400832,56377640063,56469928824,74508069668029,36291533678890
2014-11-18 18:27:34.501534,538,1416353254.5,54281936325001,110873543670616,93056593920,268345344,93056593920,268345344,15935737856,31856754688,56377645599,56469936314,74544299814533,36329424102169
2014-11-18 18:27:44.631876,548,1416353264.63,54317513575988,110942743268406,93093982208,268378112,93093982208,268378112,15947800576,31849865216,56377653726,56469949247,74580066503867,36362951477433
2014-11-18 18:27:54.779321,558,1416353274.78,54354826271417,111017941057346,93130780672,268410880,93130780672,268410880,15962042368,31872385024,56377661711,56469959275,74617793787302,36400730662774
2014-11-18 18:28:04.940925,568,1416353284.94,54388142347088,111089435762366,93146157056,268455936,93146157056,268455936,15722782720,31652618240,56377664888,56469966012,74650874655288,36438825244676
2014-11-18 18:28:15.081198,578,1416353295.08,54428011225409,111166032644896,93165678592,268484608,93165678592,268484608,15884681216,31763427328,56377670765,56469974674,74691136597725,36475371461937
2014-11-18 18:28:25.230543,588,1416353305.23,54464398111851,111237502251384,93180698624,268517376,93180698624,268517376,15904088064,31799480320,56377678074,56469983668,74727416929559,36510297658919
2014-11-18 18:28:35.381275,598,1416353315.38,54501021736560,111310258062217,93185724416,268550144,93185724416,268550144,15916298240,31807045632,56377686044,56469994032,74764170009349,36546355629393
2014-11-18 18:28:45.541500,609,1416353325.54,54533753844934,111381087209033,93199454208,268587008,93199454208,268587008,15930634240,31833944064,56377690343,56470004999,74797027131686,36584267472929
2014-11-18 18:28:55.689679,619,1416353335.69,54572622555680,111456346949156,93235290112,268623872,93235290112,268623872,15948046336,31860600832,56377695936,56470012710,74836021113676,36620517104674
2014-11-18 18:29:05.830467,629,1416353345.83,54610048248182,111523439593050,93258846208,268656640,93258846208,268656640,15975219200,31882276864,56377703041,56470022284,74873574986066,36650135862495
2014-11-18 18:29:15.968652,639,1416353355.97,54644959324711,111589427148827,93278932992,268693504,93278932992,268693504,16000110592,31906770944,56377711044,56470032193,74908582515052,36681076345837
2014-11-18 18:29:26.102352,649,1416353366.1,54677257021990,111660086147644,93301657600,268730368,93301657600,268730368,16010543104,31944589312,56377715389,56470040244,74940991951172,36719255272953
2014-11-18 18:29:36.289952,659,1416353376.29,54712822270560,111731386642094,93335052288,268767232,93335052288,268767232,15988355072,31894884352,56377721563,56470049282,74976795525786,36754819831716
2014-11-18 18:29:46.429757,670,1416353386.43,54749293188650,111801226424803,93357371392,268800000,93357371392,268800000,15995125760,31907688448,56377729038,56470060482,75013902899300,36788129007361
2014-11-18 18:29:56.566560,680,1416353396.57,54784589204304,111869311975597,93386522624,268832768,93386522624,268832768,16005697536,31897014272,56377737221,56470071079,75048803466288,36820875599038
2014-11-18 18:30:06.708731,690,1416353406.71,54816047697292,111937809670680,93404811264,268869632,93404811264,268869632,15976255488,31869267968,56377807943,56470079619,75080502033633,36857697263959
2014-11-18 18:30:16.869066,700,1416353416.87,54853356504726,112012783297969,93429481472,268902400,93429481472,268902400,16013115392,31913156608,56377812951,56470086940,75117805770373,36895216439197
2014-11-18 18:30:27.009002,710,1416353427.01,54889303924369,112080686503047,93458214912,268939264,93458214912,268939264,16027607040,31934545920,56377820774,56470097517,75153837469829,36927061434754
2014-11-18 18:30:37.149620,720,1416353437.15,54925608190103,112154224950756,93495726080,268972032,93495726080,268972032,16015642624,31894433792,56377828149,56470106446,75190256911712,36964197279179
2014-11-18 18:30:47.270260,730,1416353447.27,54958267506378,112223987887067,93498638336,269008896,93498638336,269008896,15780651008,31700377600,56377832201,56470117301,75223050330987,37001136947496
2014-11-18 18:30:57.415538,741,1416353457.42,54996150406301,112297224127943,93513277440,269041664,93513277440,269041664,15996497920,31930257408,56377838396,56470125501,75261118684111,37036389210421
2014-11-18 18:31:07.557812,751,1416353467.56,55030772721127,112365469637538,93535903744,269074432,93535903744,269074432,15996690432,31925186560,56377845045,56470133363,75295838731917,37069942948876
2014-11-18 18:31:17.718564,761,1416353477.72,55066235800986,112438114509825,93555769344,269107200,93555769344,269107200,15977013248,31892180992,56377854645,56470145955,75331634748200,37106895551743
2014-11-18 18:31:27.857709,771,1416353487.86,55100068334843,112507779297569,93569200128,269148160,93569200128,269148160,15962673152,31896268800,56377857569,56470152455,75365584473681,37142578093711
2014-11-18 18:31:38.009260,781,1416353498.01,55134488437231,112578803853607,93603250176,269189120,93603250176,269189120,15923212288,31794409472,56377862889,56470160074,75399978816747,37179025747915
2014-11-18 18:31:48.135577,791,1416353508.14,55170993917782,112643856095854,93642145792,269221888,93642145792,269221888,15965257728,31686451200,56377867346,56470171865,75436583306798,37207518793857
2014-11-18 18:31:58.279235,801,1416353518.28,55206612684202,112714329063173,93667819520,269254656,93667819520,269254656,15973031936,31838810112,56377879394,56470183237,75472369037022,37242242993970
2014-11-18 18:32:08.407801,811,1416353528.41,55238719556129,112784739263181,93668868096,269291520,93668868096,269291520,15968518144,31843192832,56377884159,56470192371,75504566543840,37280380469329
2014-11-18 18:32:18.558115,822,1416353538.56,55269791186923,112851870526305,93685260288,269324288,93685260288,269324288,15979917312,31848140800,56377889639,56470200284,75535761950946,37316374556804
2014-11-18 18:32:28.718598,832,1416353548.72,55306482033092,112923037934745,93709438976,269357056,93709438976,269357056,15990185984,31841337344,56377897114,56470209332,75572732026871,37350701107555
2014-11-18 18:32:38.869418,842,1416353558.87,55342261263787,112989590596475,93739307008,269389824,93739307008,269389824,16015798272,31686336512,56377901054,56470218353,75608496540553,37381353327864
2014-11-18 18:32:49.018323,852,1416353569.02,55373271712056,113058862838511,93751365632,269426688,93751365632,269426688,15984582656,31841792000,56377908325,56470229133,75639669487271,37419550792115
2014-11-18 18:32:59.169709,862,1416353579.17,55407264445299,113129696512684,93760622592,269463552,93760622592,269463552,15996506112,31875948544,56377914058,56470237292,75673929238622,37456289497137
2014-11-18 18:33:09.328778,872,1416353589.33,55443155365470,113199868835823,93785624576,269496320,93785624576,269496320,16006688768,31872188416,56377922741,56470248087,75709808547951,37490328328497
2014-11-18 18:33:19.472580,883,1416353599.47,55478244807431,113266612016907,93790318592,269529088,93790318592,269529088,16014413824,31684440064,56377926014,56470254978,75744935217764,37521801380002
2014-11-18 18:33:29.655607,893,1416353609.66,55508862300228,113334003548091,93790384128,269565952,93790384128,269565952,15792295936,31706824704,56377933994,56470265450,75775767841766,37558520406146
2014-11-18 18:33:39.873873,903,1416353619.87,55548429287124,113412664727235,93824864256,269598720,93824864256,269598720,15982878720,31898066944,56377940503,56470274096,75815412062369,37597483172419
2014-11-18 18:33:50.057981,913,1416353630.06,55586322128375,113484843759320,93857435648,269635584,93857435648,269635584,15999287296,31928098816,56378015169,56470288230,75853607415049,37631661162736
2014-11-18 18:34:00.208161,923,1416353640.21,55621664511940,113559089586582,93863202816,269668352,93863202816,269668352,15989968896,31937032192,56378017750,56470294955,75888903541062,37670524665862
2014-11-18 18:34:10.357736,933,1416353650.36,55654818875953,113629383465995,93863575552,269705216,93863575552,269705216,15749271552,31703584768,56378025154,56470303959,75922115159980,37707475434794
2014-11-18 18:34:20.511834,944,1416353660.51,55689833241570,113700545074714,93898735616,269737984,93898735616,269737984,15982821376,31925133312,56378030354,56470312509,75957486012368,37743464233861
2014-11-18 18:34:30.649985,954,1416353670.65,55728136104191,113775764547570,93935034368,269770752,93935034368,269770752,15993909248,31935574016,56378040474,56470324168,75995787865211,37780262698747
2014-11-18 18:34:40.798293,964,1416353680.8,55761541263346,113843797555178,93973495808,269803520,93973495808,269803520,16009248768,31699292160,56378043095,56470330109,76029508612363,37814692918950
2014-11-18 18:34:50.957496,974,1416353690.96,55794451068136,113914859612576,93993844736,269844480,93993844736,269844480,15816462336,31712526336,56378051226,56470343007,76062398889999,37852830753214
2014-11-18 18:35:01.103837,984,1416353701.1,55828996976454,113985321268919,94007750656,269885440,94007750656,269885440,15929827328,31551221760,56378056301,56470350708,76097167838472,37888471801257
2014-11-18 18:35:11.256723,994,1416353711.26,55867847378127,114062748749655,94026928128,269918208,94026928128,269918208,15949139968,31788249088,56378065901,56470361646,76136024423328,37926976072541
2014-11-18 18:35:21.407467,1004,1416353721.41,55905373801440,114132954776502,94046994432,269950976,94046994432,269950976,15971414016,31840391168,56378068614,56470368623,76173672014360,37959467717390
2014-11-18 18:35:31.548259,1015,1416353731.55,55938865522851,114200357345786,94050263040,269987840,94050263040,269987840,15752212480,31630565376,56378076439,56470377969,76207228274922,37993452498793
2014-11-18 18:35:41.686215,1025,1416353741.69,55972987849908,114268634859624,94054416384,270020608,94054416384,270020608,15770755072,31459561472,56378081985,56470389750,76241533349892,38027292221066
2014-11-18 18:35:51.841152,1035,1416353751.84,56011718760307,114345832686247,94079500288,270049280,94079500288,270049280,15995080704,31922360320,56378091338,56470399845,76280455006607,38065814912809
2014-11-18 18:36:01.997829,1045,1416353762.0,56046663774845,114414562881225,94112907264,270082048,94112907264,270082048,15998042112,31699218432,56378094272,56470406158,76315487732722,38099255300249
2014-11-18 18:36:12.146002,1055,1416353772.15,56080796956056,114486947642650,94132224000,270127104,94132224000,270127104,15837454336,31754407936,56378101982,56470416581,76349828594816,38137413391292
2014-11-18 18:36:22.276629,1065,1416353782.28,56114753563024,114556548885301,94162251776,270163968,94162251776,270163968,15771922432,31448891392,56378106681,56470423894,76383799133377,38172857940061
2014-11-18 18:36:32.426130,1076,1416353792.43,56149015902492,114626970065343,94207721472,270192640,94207721472,270192640,16007569408,31930384384,56378117359,56470436542,76418325884757,38208900969546
2014-11-18 18:36:42.587747,1086,1416353802.59,56186073144701,114698532134886,94242283520,270225408,94242283520,270225408,16016912384,31933251584,56378119833,56470445645,76455536331888,38243458325794
2014-11-18 18:36:52.723127,1096,1416353812.72,56218007504691,114766539361736,94257553408,270262272,94257553408,270262272,15765512192,31637446656,56378127369,56470454721,76487576956776,38279230397670
2014-11-18 18:37:02.865945,1106,1416353822.87,56254985732783,114838213412980,94261649408,270290944,94261649408,270290944,15983132672,31640104960,56378133204,56470464646,76524712656219,38313744980612
2014-11-18 18:37:13.026714,1116,1416353833.03,56288328740682,114912083323130,94286532608,270331904,94286532608,270331904,15964319744,31846326272,56378142599,56470474812,76558220978374,38354214531761
2014-11-18 18:37:23.177043,1126,1416353843.18,56323622108509,114982255171231,94321799168,270364672,94321799168,270364672,15985139712,31886643200,56378145260,56470481099,76593571056541,38388833663973
2014-11-18 18:37:33.317320,1136,1416353853.32,56358250251636,115050299458283,94347550720,270397440,94347550720,270397440,16019046400,31912656896,56378152671,56470490921,76628265380787,38422216975219
2014-11-18 18:37:43.445966,1147,1416353863.45,56392323816357,115118527366585,94380228608,270434304,94380228608,270434304,16032960512,31921311744,56378229121,56470505056,76662585817127,38456247937193
2014-11-18 18:37:53.605412,1157,1416353873.61,56427198997196,115189846648323,94392168448,270471168,94392168448,270471168,16029626368,31932936192,56378233482,56470513462,76697553613144,38492526943815
2014-11-18 18:38:03.756236,1167,1416353883.76,56463444881665,115260492071532,94411063296,270503936,94411063296,270503936,16023465984,31944589312,56378236750,56470520118,76733954464166,38526724812352
2014-11-18 18:38:13.904492,1177,1416353893.9,56496941965277,115323893209624,94422106112,270540800,94422106112,270540800,16006197248,31681060864,56378247263,56470531675,76767572043310,38556478753972
2014-11-18 18:38:24.046021,1187,1416353904.05,56531555886767,115398576265520,94431727616,270573568,94431727616,270573568,16006025216,31913377792,56378255339,56470542477,76802464517489,38596555642493
2014-11-18 18:38:34.185959,1197,1416353914.19,56567337699555,115470870527421,94431883264,270610432,94431883264,270610432,15983009792,31903842304,56378260014,56470549717,76838249946096,38632810247636
2014-11-18 18:38:44.338027,1207,1416353924.34,56600150810611,115538612141861,94442766336,270651392,94442766336,270651392,15751827456,31679152128,56378267813,56470561475,76871413462857,38667628463171
2014-11-18 18:38:54.477911,1218,1416353934.48,56636963928582,115609221871185,94463066112,270680064,94463066112,270680064,15954595840,31865380864,56378278684,56470574273,76908208141855,38701453719387
2014-11-18 18:39:04.626188,1228,1416353944.63,56669569459736,115681202958665,94468534272,270721024,94468534272,270721024,15736123392,31661342720,56378281303,56470580480,76940836890639,38740517228330
2014-11-18 18:39:14.763964,1238,1416353954.76,56707196267799,115758538089332,94468579328,270749696,94468579328,270749696,15958585344,31888846848,56378286161,56470588620,76978710322530,38780272623544
2014-11-18 18:39:24.915627,1248,1416353964.92,56738426066814,115820462670627,94471794688,270786560,94471794688,270786560,15949750272,31657934848,56378296240,56470600066,77010236054060,38810617983576
2014-11-18 18:39:35.064445,1258,1416353975.06,56773370549641,115890806795038,94472048640,270819328,94472048640,270819328,15935959040,31871082496,56378304610,56470610463,77045078343013,38845990710033
2014-11-18 18:39:45.205023,1268,1416353985.21,56808430593672,115963232505375,94472364032,270852096,94472364032,270852096,15932555264,31877234688,56378307143,56470619979,77080231359595,38883199546797
2014-11-18 18:39:55.353698,1278,1416353995.35,56842093396526,116036172362617,94488891392,270888960,94488891392,270888960,15906050048,31836151808,56378311401,56470626887,77114036966631,38922308342183
2014-11-18 18:40:05.497348,1289,1416354005.5,56875863742697,116100785261023,94517821440,270929920,94517821440,270929920,15922188288,31870509056,56378321122,56470638312,77148085769657,38953003087989
2014-11-18 18:40:15.654439,1299,1416354015.65,56912798387586,116172626713557,94546173952,270962688,94546173952,270962688,15937024000,31890350080,56378330536,56470650165,77185368591738,38987859898349
2014-11-18 18:40:25.805526,1309,1416354025.81,56951326872078,116247212186893,94554112000,270995456,94554112000,270995456,15945949184,31913222144,56378332697,56470655487,77223628908427,39023825018647
2014-11-18 18:40:35.945023,1319,1416354035.95,56987089269905,116319728584786,94557478912,271032320,94557478912,271032320,15939981312,31924310016,56378337004,56470663219,77259538568752,39060660710172
2014-11-18 18:40:46.081616,1329,1416354046.08,57023552698712,116389415456563,94567989248,271069184,94567989248,271069184,15935270912,31874551808,56378345960,56470676023,77296349577875,39093510333726
2014-11-18 18:40:56.223198,1339,1416354056.22,57059340145747,116462468801269,94581993472,271106048,94581993472,271106048,15889420288,31826247680,56378355479,56470687976,77332057711723,39130647001004
2014-11-18 18:41:06.366940,1349,1416354066.37,57095812498299,116535944833737,94595530752,271138816,94595530752,271138816,15904833536,31843631104,56378358347,56470694905,77368625202279,39167644422939
2014-11-18 18:41:16.513904,1360,1416354076.51,57128516525408,116602783223449,94607425536,271171584,94607425536,271171584,15914455040,31852044288,56378361286,56470700922,77401653759576,39201535978335
2014-11-18 18:41:26.665253,1370,1416354086.67,57160942016199,116666238447286,94632304640,271208448,94632304640,271208448,15932923904,31669264384,56378432428,56470710941,77434085653271,39232439161122
2014-11-18 18:41:36.813699,1380,1416354096.81,57197207521968,116737647835595,94667268096,271241216,94667268096,271241216,15961755648,31895449600,56378447049,56470724794,77470403513051,39267494686292
2014-11-18 18:41:46.975144,1390,1416354106.98,57232070237415,116810192467746,94699913216,271273984,94699913216,271273984,15996100608,31929212928,56378449185,56470733270,77505435848565,39305063479942
2014-11-18 18:41:57.126533,1400,1416354117.13,57267313574999,116882872869434,94717542400,271310848,94717542400,271310848,15986569216,31900057600,56378453087,56470740729,77540742324539,39342306017510
2014-11-18 18:42:07.274311,1410,1416354127.27,57298758204759,116947764609718,94719336448,271347712,94719336448,271347712,15960768512,31857582080,56378461869,56470750315,77572527080958,39375694475221
2014-11-18 18:42:17.410506,1420,1416354137.41,57335987505018,117022464922244,94719336448,271380480,94719336448,271380480,15952916480,31834832896,56378472648,56470763666,77609701687154,39413023701955
2014-11-18 18:42:27.553312,1431,1416354147.55,57374337108806,117100232842799,94719336448,271413248,94719336448,271413248,15956041728,31839019008,56378474901,56470769710,77648161987428,39452467289731
2014-11-18 18:42:37.693789,1441,1416354157.69,57411150462898,117172123663843,94719336448,271450112,94719336448,271450112,15958958080,31844044800,56378478335,56470776003,77685381607771,39487457473549
2014-11-18 18:42:47.852312,1451,1416354167.85,57446472055363,117243041419094,94719340544,271486976,94719340544,271486976,15927652352,31792283648,56378488411,56470790854,77720570956846,39522754398428
2014-11-18 18:42:58.012278,1461,1416354178.01,57485358623717,117314758425133,94719340544,271523840,94719340544,271523840,15935889408,31807799296,56378497596,56470801899,77759622418028,39555447184908
2014-11-18 18:43:08.173825,1471,1416354188.17,57522900752280,117389576072906,94719340544,271556608,94719340544,271556608,15938752512,31813124096,56378500818,56470808773,77797711703316,39592574177600
2014-11-18 18:43:18.333742,1481,1416354198.33,57558358098329,117462565790261,94719340544,271597568,94719340544,271597568,15932055552,31810125824,56378504877,56470816057,77832827987526,39630285546183
2014-11-18 18:43:28.483710,1492,1416354208.48,57591264917960,117529619045374,94719373312,271634432,94719373312,271634432,15894118400,31756939264,56378512627,56470825602,77865862767074,39664021964695
2014-11-18 18:43:38.634656,1502,1416354218.63,57629698041521,117600859249597,94719373312,271667200,94719373312,271667200,15911251968,31765606400,56378522986,56470837621,77904772375981,39696677277441
2014-11-18 18:43:48.822005,1512,1416354228.82,57665683497981,117674518527168,94719373312,271699968,94719373312,271699968,15923908608,31787925504,56378526257,56470847229,77940525923127,39734224407183
2014-11-18 18:43:58.959609,1522,1416354238.96,57700360759798,117745699501036,94719373312,271736832,94719373312,271736832,15913328640,31779627008,56378530399,56470853791,77975308976907,39770581003845
2014-11-18 18:44:09.112569,1532,1416354249.11,57736489987577,117816565440473,94719373312,271773696,94719373312,271773696,15907840000,31767359488,56378540688,56470865976,78011536411243,39805181321071
2014-11-18 18:44:19.243299,1542,1416354259.24,57770853668948,117887391713053,94719373312,271806464,94719373312,271806464,15916027904,31779405824,56378549728,56470877333,78046136539867,39841812424129
2014-11-18 18:44:29.393546,1552,1416354269.39,57805952898708,117962542817951,94719373312,271839232,94719373312,271839232,15926583296,31790747648,56378551980,56470882905,78081282815656,39881502830943
2014-11-18 18:44:39.539243,1563,1416354279.54,57838609820978,118031575155740,94719373312,271876096,94719373312,271876096,15916105728,31785603072,56378555865,56470890081,78114130422280,39917718206818
2014-11-18 18:44:49.702235,1573,1416354289.7,57873991738620,118097659104862,94719373312,271912960,94719373312,271912960,15919173632,31779758080,56378565366,56470903248,78149571704974,39948374977729
2014-11-18 18:44:59.851344,1583,1416354299.85,57910832094142,118172569206551,94719373312,271945728,94719373312,271945728,15916052480,31777320960,56378641305,56470917076,78186591201490,39986230841254
2014-11-18 18:45:10.031792,1593,1416354310.03,57948710641925,118247753138389,94719373312,271978496,94719373312,271978496,15920828416,31784075264,56378643304,56470922390,78224689045065,40023490553529
2014-11-18 18:45:20.204114,1603,1416354320.2,57980161532114,118315616369366,94719373312,272011264,94719373312,272011264,15918452736,31784787968,56378647396,56470929202,78256125488743,40059734711980
2014-11-18 18:45:30.351065,1613,1416354330.35,58016612018521,118381507654166,94719373312,272052224,94719373312,272052224,15915421696,31604015104,56378652887,56470938691,78292703475441,40089136443548
2014-11-18 18:45:40.491845,1624,1416354340.49,58052736503813,118456002427588,94719373312,272084992,94719373312,272084992,15917199360,31796731904,56378666041,56470951892,78329030721948,40127267800401
2014-11-18 18:45:50.652620,1634,1416354350.65,58087949372946,118529197538207,94719373312,272121856,94719373312,272121856,15919943680,31798288384,56378668425,56470960616,78364251664309,40165194526329
2014-11-18 18:46:00.792961,1644,1416354360.79,58122312802565,118599289185328,94719373312,272158720,94719373312,272158720,15925149696,31806078976,56378672773,56470968176,78398756998021,40201119879316
2014-11-18 18:46:10.932416,1654,1416354370.93,58158052561335,118672384573846,94719373312,272195584,94719373312,272195584,15895097344,31763865600,56378682196,56470978488,78434683237448,40237947173606
2014-11-18 18:46:21.072388,1664,1416354381.07,58195703242725,118745467158283,94719373312,272228352,94719373312,272228352,15898079232,31763738624,56378691058,56470990460,78472642473968,40273514038966
2014-11-18 18:46:31.221430,1674,1416354391.22,58232899593226,118821548033935,94719377408,272265216,94719377408,272265216,15901753344,31769628672,56378693838,56470996725,78509882873131,40312040013462
2014-11-18 18:46:41.381421,1684,1416354401.38,58262233269720,118887564160830,94719377408,272306176,94719377408,272306176,15669882880,31540633600,56378697327,56471003306,78539204254461,40348550026103
2014-11-18 18:46:51.541293,1695,1416354411.54,58300346381732,118960484088216,94719377408,272338944,94719377408,272338944,15901200384,31768125440,56378707319,56471017302,78577534538770,40383306018484
2014-11-18 18:47:01.701211,1705,1416354421.7,58336433183015,119032536082516,94719377408,272371712,94719377408,272371712,15903518720,31780511744,56378715749,56471027827,78613675421266,40419067171472
2014-11-18 18:47:11.851920,1715,1416354431.85,58372049528485,119105041139089,94719377408,272404480,94719377408,272404480,15906377728,31781216256,56378719791,56471036398,78649425460599,40455843116547
2014-11-18 18:47:21.991056,1725,1416354441.99,58403873419651,119174299331192,94719377408,272449536,94719377408,272449536,15751761920,31629553664,56378724116,56471043358,78681416500797,40493224522236
2014-11-18 18:47:32.155735,1735,1416354452.16,58442510517802,119244017535456,94719377408,272482304,94719377408,272482304,15894241280,31762083840,56378732691,56471052588,78720154259718,40524329916321
2014-11-18 18:47:42.312254,1745,1416354462.31,58478700395024,119316377480443,94719377408,272515072,94719377408,272515072,15898554368,31762665472,56378742449,56471067713,78756491291818,40560176449526
2014-11-18 18:47:52.470811,1756,1416354472.47,58514917512454,119388615788209,94719377408,272547840,94719377408,272547840,15901741056,31774576640,56378745361,56471074065,78792753531332,40596090736480
2014-11-18 18:48:02.621534,1766,1416354482.62,58545078939134,119452610554324,94719377408,272588800,94719377408,272588800,15887650816,31763857408,56378749749,56471080975,78823103180096,40629767051240
2014-11-18 18:48:12.781452,1776,1416354492.78,58584575162631,119520897747844,94719377408,272621568,94719377408,272621568,15891648512,31623421952,56378754474,56471089743,78862847377406,40658523233561
2014-11-18 18:48:22.941351,1786,1416354502.94,58620733396311,119594840725124,94719377408,272654336,94719377408,272654336,15894294528,31795822592,56378767385,56471102243,78898986966919,40696432929831
2014-11-18 18:48:33.111260,1796,1416354513.11,58656628010396,119668284913321,94719377408,272691200,94719377408,272691200,15900246016,31800274944,56378770325,56471109653,78935245487037,40733626398726
2014-11-18 18:48:43.286849,1806,1416354523.29,58687859838577,119734823771767,94719377408,272732160,94719377408,272732160,15865835520,31771017216,56378774882,56471119717,78966390444870,40768637727886
2014-11-18 18:48:53.441028,1817,1416354533.44,58726067544276,119807050543230,94719377408,272764928,94719377408,272764928,15895560192,31791951872,56378850077,56471130210,79004709541864,40802550273699
2014-11-18 18:49:03.587107,1827,1416354543.59,58761135504493,119880043598055,94719377408,272797696,94719377408,272797696,15898378240,31795257344,56378858519,56471141357,79040105887236,40840449919804
2014-11-18 18:49:13.740543,1837,1416354553.74,58795397906129,119952750152606,94719414272,272838656,94719414272,272838656,15667986432,31572119552,56378862022,56471148594,79074197724092,40878722297656
2014-11-18 18:49:23.890757,1847,1416354563.89,58825255104142,120017755803800,94719418368,272871424,94719418368,272871424,15677886464,31589486592,56378866626,56471156644,79104255675279,40913760752386
2014-11-18 18:49:34.050018,1857,1416354574.05,58863771464944,120089900501985,94719418368,272900096,94719418368,272900096,15897972736,31808868352,56378876107,56471167160,79143054171023,40947229184080
2014-11-18 18:49:44.204718,1867,1416354584.2,58899019405076,120156545451724,94719418368,272932864,94719418368,272932864,15899807744,31794470912,56378883909,56471178825,79178332830198,40978521298049
2014-11-18 18:49:54.346920,1877,1416354594.35,58933981127089,120228797032054,94719426560,273457152,94719426560,273457152,15911690240,31820595200,56378887266,56471186934,79213274307370,41015738152467
2014-11-18 18:50:04.487343,1888,1416354604.49,58964391417954,120295516353597,94719426560,273502208,94719426560,273502208,15878623232,31790571520,56378892476,56471194434,79243953395387,41051915594118
2014-11-18 18:50:14.640558,1898,1416354614.64,59003867180632,120370478039715,94719426560,273534976,94719426560,273534976,15892013056,31800631296,56378902619,56471206158,79283525740523,41087425653534
2014-11-18 18:50:24.789281,1908,1416354624.79,59040592574837,120438933032333,94719426560,273567744,94719426560,273567744,15895117824,31637213184,56378905807,56471213969,79320307477380,41118847055894
2014-11-18 18:50:34.929565,1918,1416354634.93,59077067873404,120515595094058,94719426560,273600512,94719426560,273600512,15903830016,31812149248,56378913159,56471222507,79356892490388,41158892137393
2014-11-18 18:50:45.062552,1928,1416354645.06,59106826720122,120581657758259,94719426560,273641472,94719426560,273641472,15883579392,31798710272,56378918417,56471234293,79386852732513,41195095783296
2014-11-18 18:50:55.208534,1938,1416354655.21,59144372269077,120654644872620,94719426560,273674240,94719426560,273674240,15891185664,31798362112,56378928230,56471245387,79424702509046,41230867286931
2014-11-18 18:51:05.362195,1948,1416354665.36,59181041725319,120724468112502,94719426560,273707008,94719426560,273707008,15894376448,31571374080,56378931344,56471252148,79461299642520,41263428156088
2014-11-18 18:51:15.500059,1959,1416354675.5,59216073365702,120799000007177,94719426560,273739776,94719426560,273739776,15896453120,31804104704,56378938799,56471261904,79496517888626,41302796848946
2014-11-18 18:51:25.649226,1969,1416354685.65,59244371370057,120863982963821,94719430656,273776640,94719430656,273776640,15874789376,31791497216,56378942775,56471269018,79524925352793,41339341435066
2014-11-18 18:51:35.809903,1979,1416354695.81,59284506698105,120935848630068,94719430656,273809408,94719430656,273809408,15892291584,31800254464,56378952790,56471279515,79565180454073,41370952689032
2014-11-18 18:51:45.948139,1989,1416354705.95,59319373159926,121003443058575,94719430656,273842176,94719430656,273842176,15896297472,31811915776,56378956070,56471290264,79600085192614,41403546816714
2014-11-18 18:51:56.078056,1999,1416354716.08,59356428032252,121075537606386,94719430656,273874944,94719430656,273874944,15900307456,31808397312,56378963777,56471299650,79637500715921,41438521412040
2014-11-18 18:52:06.239649,2009,1416354726.24,59386728749027,121140975405513,94719463424,273920000,94719463424,273920000,15880015872,31787417600,56378966660,56471306594,79667680737079,41473517184871
2014-11-18 18:52:16.379616,2019,1416354736.38,59425984457364,121217406184035,94719463424,273952768,94719463424,273952768,15888412672,31792140288,56378978791,56471319154,79707048967385,41510587746220
2014-11-18 18:52:26.529487,2030,1416354746.53,59462604574423,121290697180384,94719463424,273985536,94719463424,273985536,15894257664,31811051520,56378981418,56471325441,79743869979299,41547060939343
2014-11-18 18:52:36.671553,2040,1416354756.67,59499441838384,121359457350226,94719463424,274018304,94719463424,274018304,15896809472,31800315904,56378988216,56471334378,79780778476971,41578971942673
2014-11-18 18:52:46.818558,2050,1416354766.82,59525164567040,121421278134802,94719463424,274059264,94719463424,274059264,15856218112,31761735680,56379058210,56471345154,79806890085513,41614904606782
2014-11-18 18:52:56.979051,2060,1416354776.98,59566862526272,121496096450170,94719463424,274092032,94719463424,274092032,15890817024,31796944896,56379069344,56471357343,79848425054120,41647887661562
2014-11-18 18:53:07.133078,2070,1416354787.13,59603034322476,121567052529816,94719463424,274124800,94719463424,274124800,15893516288,31828672512,56379072605,56471364228,79884717242810,41682499418679
2014-11-18 18:53:17.267917,2080,1416354797.27,59638393510608,121638887829743,94719463424,274157568,94719463424,274157568,15895007232,31796178944,56379079972,56471373439,79920252269433,41719044508758
2014-11-18 18:53:27.405081,2090,1416354807.41,59665782673490,121703343531281,94719463424,274198528,94719463424,274198528,15688482816,31604838400,56379084405,56471381583,79947762394411,41755859906118
2014-11-18 18:53:37.558159,2101,1416354817.56,59704091540471,121777153861002,94719463424,274227200,94719463424,274227200,15890178048,31794216960,56379095398,56471393620,79986500729632,41791241393438
2014-11-18 18:53:47.718066,2111,1416354827.72,59740488791071,121850052330434,94719463424,274259968,94719463424,274259968,15894941696,31809384448,56379098091,56471402946,80022691246108,41827556874765
2014-11-18 18:53:57.869510,2121,1416354837.87,59777130703835,121920281104687,94719463424,274296832,94719463424,274296832,15887384576,31784038400,56379106091,56471413176,80059442404338,41861097616542
2014-11-18 18:54:08.048609,2131,1416354848.05,59804267390763,121983359682461,94719467520,274337792,94719467520,274337792,15649984512,31317028864,56379108919,56471419479,80086690772538,41896828453706
2014-11-18 18:54:18.198689,2141,1416354858.2,59842711834386,122057249619161,94719467520,274370560,94719467520,274370560,15882260480,31777226752,56379120724,56471432611,80125323405308,41932571552485
2014-11-18 18:54:28.347359,2151,1416354868.35,59880218821960,122130604386429,94719467520,274403328,94719467520,274403328,15884656640,31781969920,56379123357,56471438371,80162885252458,41967966054314
2014-11-18 18:54:38.498493,2162,1416354878.5,59916012347235,122199943383409,94719467520,274436096,94719467520,274436096,15887556608,31782039552,56379130732,56471447653,80199194232600,42001459470163
2014-11-18 18:54:48.657321,2172,1416354888.66,59943448189390,122263676360689,94719500288,274481152,94719500288,274481152,15503126528,31203053568,56379134937,56471459770,80226484109517,42037605918738
2014-11-18 18:54:58.816670,2182,1416354898.82,59984458907535,122342916480983,94719500288,274509824,94719500288,274509824,15882223616,31779700736,56379146213,56471470654,80267715977087,42075726039266
2014-11-18 18:55:08.986581,2192,1416354908.99,60021905547342,122418338888527,94719500288,274546688,94719500288,274546688,15884623872,31782207488,56379148431,56471476412,80305244686032,42113546797455
2014-11-18 18:55:19.147074,2202,1416354919.15,60059429135360,122489751686629,94720671744,274579456,94720671744,274579456,15886835712,31775289344,56379156372,56471486702,80342949809819,42147371893277
2014-11-18 18:55:29.308457,2212,1416354929.31,60084837615292,122550403194931,94720671744,274620416,94720671744,274620416,15426297856,31296143360,56379163744,56471495830,80368156098628,42182358233689
2014-11-18 18:55:39.450206,2223,1416354939.45,60122402144630,122626695787695,94720671744,274644992,94720671744,274644992,15877079040,31759081472,56379171727,56471507062,80405978353333,42221053259176
2014-11-18 18:55:49.600084,2233,1416354949.6,60159516537887,122702424837239,94720671744,274677760,94720671744,274677760,15879639040,31760990208,56379174066,56471515653,80443353063432,42259481582792
2014-11-18 18:55:59.757862,2243,1416354959.76,60196220301638,122770614318113,94720671744,274710528,94720671744,274710528,15885381632,31760744448,56379180699,56471523771,80480000772286,42291033463435
2014-11-18 18:56:09.907766,2253,1416354969.91,60226288979960,122831201531506,94720671744,274751488,94720671744,274751488,15724285952,31431974912,56379185881,56471534059,80510157954102,42321285899075
2014-11-18 18:56:20.066919,2263,1416354980.07,60262311748169,122905213349935,94739111936,274788352,94739111936,274788352,15894614016,31796621312,56379263292,56471545847,80546412224939,42359150159538
2014-11-18 18:56:30.252838,2273,1416354990.25,60301915838279,122981967053851,94757224448,274821120,94757224448,274821120,15914504192,31817117696,56379265849,56471552549,80586026107079,42396149326907
2014-11-18 18:56:40.395912,2283,1416355000.4,60326367915831,123034367404594,94760157184,274862080,94760157184,274862080,15850156032,31757922304,56379278550,56471565417,80610645871997,42424099535503
2014-11-18 18:56:50.597444,2294,1416355010.6,60367996817096,123115058395433,94784790528,274894848,94784790528,274894848,15923589120,31812120576,56379286319,56471577131,80652753679001,42462889487969
2014-11-18 18:57:00.776628,2304,1416355020.78,60405237081500,123185088763391,94799163392,274927616,94799163392,274927616,15940206592,31835418624,56379289116,56471584179,80689763497374,42495473552991
2014-11-18 18:57:10.917324,2314,1416355030.92,60430696474394,123242587727131,94805180416,274964480,94805180416,274964480,15925891072,31844233216,56379303464,56471598589,80715387188362,42527463909085
2014-11-18 18:57:21.066418,2324,1416355041.07,60469218609819,123321399685886,94824235008,274997248,94824235008,274997248,15933284352,31870775296,56379308895,56471606370,80754000279061,42567633855110
2014-11-18 18:57:31.221127,2334,1416355051.22,60503811656185,123388652964859,94838587392,275030016,94838587392,275030016,15943782400,31731961856,56379312328,56471614496,80788690377253,42600149361352
2014-11-18 18:57:41.392223,2344,1416355061.39,60535058028837,123456322542043,94838587392,275070976,94838587392,275070976,15925473280,31871328256,56379328597,56471629623,80820143907717,42636518856338
2014-11-18 18:57:51.547028,2355,1416355071.55,60570490592017,123527435567467,94838587392,275103744,94838587392,275103744,15918829568,31876784128,56379332673,56471640314,80855613806683,42671991700641
2014-11-18 18:58:01.686100,2365,1416355081.69,60601780516227,123587718619516,94838587392,275140608,94838587392,275140608,15899496448,31827070976,56379344640,56471651628,80887093748158,42700921324964
2014-11-18 18:58:11.836913,2375,1416355091.84,60634365112468,123660604008601,94852956160,275177472,94852956160,275177472,15927140352,31889354752,56379352229,56471663240,80919992226269,42741054248696
2014-11-18 18:58:21.995978,2385,1416355102.0,60670292582574,123734087413453,94871703552,275214336,94871703552,275214336,15928741888,31889502208,56379355472,56471669845,80955972140920,42778507309731
2014-11-18 18:58:32.145020,2395,1416355112.15,60698596109053,123793966439766,94892507136,275251200,94892507136,275251200,15721709568,31681601536,56379369069,56471683399,80984257432401,42810250927170
2014-11-18 18:58:42.285741,2405,1416355122.29,60736262571757,123870750385942,94913052672,275279872,94913052672,275279872,15957590016,31908331520,56379377298,56471697981,81022092357321,42848995964184
2014-11-18 18:58:52.436547,2416,1416355132.44,60767526080835,123931331260238,94917074944,275320832,94917074944,275320832,15932080128,31881838592,56379385401,56471707982,81053478509311,42878050648482
2014-11-18 18:59:02.586165,2426,1416355142.59,60800728163767,123999817348800,94945034240,275357696,94945034240,275357696,15973728256,31916580864,56379463586,56471721640,81086902099503,42913475866939
2014-11-18 18:59:12.731848,2436,1416355152.73,60838240702012,124067013489911,94956220416,275390464,94956220416,275390464,15997149184,31756820480,56379467766,56471730116,81124417163405,42943159701023
2014-11-18 18:59:22.876354,2446,1416355162.88,60872467540619,124132732850741,94972100608,275427328,94972100608,275427328,15960625152,31869964288,56379481686,56471742820,81158829337265,42974135212974
2014-11-18 18:59:33.017227,2456,1416355173.02,60905587998434,124207096330894,95002402816,275464192,95002402816,275464192,15959527424,31880544256,56379487342,56471751983,81192171287268,43015264675502
2014-11-18 18:59:43.176544,2466,1416355183.18,60936162231982,124270079474016,95017902080,275505152,95017902080,275505152,15821246464,31762067456,56379497125,56471766491,81222798498754,43047475203648
2014-11-18 18:59:53.325282,2476,1416355193.33,60963575036671,124316239472462,95028715520,275542016,95028715520,275542016,15612542976,31336689664,56379502883,56471776178,81250251580849,43066206063047
2014-11-18 19:00:03.475261,2487,1416355203.48,60976509166656,124338662749798,95029940224,275587072,95029940224,275587072,15526957056,31027122176,56379511288,56471789911,81263337581385,43075386046413
2014-11-18 19:00:13.655955,2497,1416355213.66,60984645135248,124352200897168,95029940224,275681280,95029940224,275681280,15453466624,30771589120,56379526041,56471812175,81271697776624,43080564284379
2014-11-18 19:00:23.835866,2507,1416355223.84,60993453797480,124370623034139,95029940224,275775488,95029940224,275775488,15452344320,30772035584,56379845336,56472156938,81280717193914,43089971748934
2014-11-18 19:00:34.011978,2517,1416355234.01,61002895922716,124389699445079,95029940224,275869696,95029940224,275869696,15448780800,30770491392,56380173486,56472456026,81290426588327,43099401166794
2014-11-18 19:00:44.164999,2527,1416355244.17,61011716719058,124405282902854,95029940224,275963904,95029940224,275963904,15446298624,30784172032,56380563418,56472800932,81299418097925,43105996241566
2014-11-18 19:00:54.324807,2537,1416355254.33,61020247928978,124422940789508,95029940224,276045824,95029940224,276045824,15444828160,30787231744,56380870374,56473126321,81308118688497,43114963795935
2014-11-18 19:01:04.481841,2548,1416355264.48,61026997302869,124438609041011,95029972992,276148224,95029972992,276148224,15459635200,30786936832,56381210179,56473485614,81315047117895,43123795421944
2014-11-18 19:01:14.643775,2558,1416355274.64,61035723437205,124456298674005,95029972992,276226048,95029972992,276226048,15457947648,30785540096,56381527530,56473812401,81323918548234,43132581850766
2014-11-18 19:01:24.784819,2568,1416355284.78,61044532582895,124472182995711,95029972992,276312064,95029972992,276312064,15454027776,30758969344,56381740067,56474063950,81332897490999,43139572390973
2014-11-18 19:01:34.934488,2578,1416355294.93,61051705405247,124486520035358,95029972992,276398080,95029972992,276398080,15495700480,30837850112,56382049700,56474391685,81340103055912,43146482077519
2014-11-18 19:01:45.125280,2588,1416355305.13,61060700951213,124504694916003,95029972992,276475904,95029972992,276475904,15496867840,30840918016,56382432655,56474708211,81349305374462,43155454668102
2014-11-18 19:01:55.305962,2598,1416355315.31,61069211439514,124522127826309,95030034432,276553728,95030034432,276553728,15498371072,30842134528,56382758847,56475042979,81357998137404,43164174812318
2014-11-18 19:02:05.475475,2609,1416355325.48,61076195694123,124536051713024,95030034432,276627456,95030034432,276627456,15477821440,30800543744,56382940903,56475205797,81365188570496,43170925809805
2014-11-18 19:02:15.665113,2619,1416355335.67,61085089402730,124549553029082,95030034432,276725760,95030034432,276725760,15374344192,30629392384,56383266467,56475524274,81374315408003,43175305510408
2014-11-18 19:02:25.864763,2629,1416355345.86,61092621384361,124560319582570,95030124544,276783104,95030124544,276783104,15110983680,30244933632,56383375696,56475651570,81382106772188,43178275804089
