46758 4399 32523 8619 4429 2030
55089 4399 54694 7651 3778 1887
57994 4734 52505 6670 4428 2167
40618 4734 41905 8942 4433 1886
43205 5379 46052 7651 4431 2028
44171 6348 48314 7973 4768 2305
41905 5702 41583 6993 4766 1607
39693 5056 29331 6993 5092 2306
41583 5056 35766 6993 4104 2166
37425 4734 48314 6670 4767 1886
56708 4399 55089 5056 4107 1887
55089 4734 41206 6670 5417 1470
36136 7328 37053 6670 3780 1747
39640 5702 38031 8296 5091 2304
30310 6670 45136 6348 4770 1886
44171 5702 31599 6993 5419 1610
35110 6670 36409 6348 4105 2029
35814 5702 32523 4399 4103 1608
54124 5702 54694 6670 5418 2445
34835 5379 32566 7973 4428 2028
31599 6033 42549 6348 4431 2167
45136 6348 31879 6025 4767 2583
37053 4399 29331 6348 5415 2444
30632 5379 47338 7651 4429 1471
56708 4399 53481 5379 4766 1470
36780 7651 32857 6025 4431 1886
37747 6993 28687 6025 5092 2030
29009 4082 32566 6025 5092 1886
38996 7328 33178 7328 3779 2166
55089 4734 33178 5379 4770 1607
53481 4399 39962 5702 4766 2030
30955 7328 37375 5702 4108 1608
32566 4734 36731 6670 5419 2030
35444 6025 36731 6993 4431 1747
35491 5056 32566 6670 5092 2445
40672 5056 17370 5702 4431 2168
39640 6348 34788 6025 4432 1885
37103 5056 34466 6025 4432 2305
31922 5056 42549 6025 4769 2307
44814 6993 42227 5702 4767 3419
37375 6993 42883 7328 5417 3417
31922 5372 57916 5372 5091 2996
35491 5379 35766 5379 4767 1747
57351 5056 55336 6993 4429 1746
54446 5379 58570 6993 4768 1607
45470 4734 54694 6348 5092 1471
37375 9587 36731 6025 4429 2305
43849 4734 29331 6993 4103 2031
31277 6025 38031 6025 4431 1608
36136 5379 33178 8942 5092 2167
38996 5056 33822 6025 4767 2303
49988 5379 29331 6025 5094 1887
29976 5702 42227 5702 5418 2167
43205 5710 33868 6679 5094 2029
41583 4734 28687 6348 5418 1746
40016 6348 37375 7651 4431 3140
44492 5056 33178 6348 5092 2720
35157 6348 37697 6993 4768 1884
32244 6670 35157 5056 4429 1746
48057 6670 17705 6348 4767 1886
57351 4076 53803 5056 4107 2029
57672 5056 52826 5702 4767 2029
37053 5702 47993 7328 5095 2307
36731 5702 47016 5056 4769 2996
54767 5379 59212 5379 4431 1886
35814 5702 37053 8296 3781 2445
34190 5056 41583 6670 4768 2165
36136 5379 38996 7651 4767 1886
50644 6025 20915 7328 5419 2304
38353 6025 32566 5379 5418 1609
33868 5056 37375 5056 4106 1609
31922 5056 38353 8296 4768 2028
36780 5379 30310 5056 4432 2029
55743 6025 43790 5379 5090 2030
35814 5056 43527 6670 4432 1332
42549 5056 38031 6348 4430 2583
52254 5702 32901 5379 4769 1886
48057 6993 38031 7328 4107 2167
31277 6025 40940 7328 5093 2305
44171 6025 32901 8296 5092 1886
32244 5702 37375 5702 5092 1885
42227 7651 38031 6670 4769 1607
40940 5702 44111 6993 5092 2444
31922 5702 46373 7651 4431 1885
56065 5379 55015 5702 4433 2306
39640 5702 32244 6993 5418 2029
43849 5702 24795 5702 4432 1885
35444 5379 28364 4734 5420 2306
36409 5379 37697 7328 4431 2167
37747 7328 31922 6348 4431 2028
53481 4399 55668 5702 3780 2721
35814 5379 36087 5702 5745 1747
37103 4399 33178 5702 6069 1885
35491 6348 43527 5702 4430 2167
41583 5379 42825 8296 5091 2028
39962 6025 32523 8284 5741 2306
41583 5379 32901 5056 4429 1887
45136 4399 27720 5379 4430 2167
35814 4734 35110 6025 5744 1884
35814 5702 54124 5702 4429 2443
36136 5056 38353 5702 4768 1746
41262 5056 32523 6993 3781 2166
56708 5379 35766 7651 5742 1609
55410 6025 54767 7651 4432 2030
39962 8296 36731 5379 7382 1609
22893 5063 36136 6033 5419 2445
36136 4740 27385 6025 5093 1886
35491 6670 37375 6670 4430 1746
44492 8619 26741 6025 4768 1610
37425 5710 33545 6993 5094 1609
59934 4734 56953 4734 3780 2306
30632 4399 28042 5379 4769 1611
36360 4399 73630 6025 5418 2169
36458 6348 43672 9265 4106 1884
32566 5702 56386 7328 4106 1886
33223 6670 51219 6993 4430 1746
33500 6348 54446 7328 4104 1746
34466 5702 59854 9265 5091 1886
40618 5702 52183 7651 5417 2028
37053 6670 47993 6670 6393 1747
40940 5702 60175 9265 5416 2167
37425 5702 46373 7973 4104 1746
33223 5056 57351 7328 4766 1886
35157 6025 36731 5056 5094 1609
57672 5702 54694 6993 4432 2168
39318 6348 34466 6993 5092 1885
31922 6348 33545 6025 5744 2167
40940 6025 24472 5702 4766 2306
40284 6993 27720 6348 5092 2168
56386 4399 54124 5702 5092 1884
41262 6025 55743 6670 4765 2167
37425 4740 30913 6993 4104 2580
35491 6025 37053 5056 4429 1887
30632 6670 34144 6025 5418 2029
39962 6025 32566 6993 4424 1748
56708 5056 55990 5702 5418 1747
30310 7651 47016 7973 5418 2585
59291 5702 50829 8929 3778 1885
36780 5063 32566 6670 3780 2167
46114 5056 33822 5379 4769 1886
57672 3753 53160 4734 5417 1885
30955 6679 37375 6993 5743 2166
30310 5702 46695 8296 5420 1885
41583 4399 33500 6670 5744 1746
57994 5056 53160 5702 5095 1885
30955 5702 36409 5379 4767 2029
36136 4399 33500 6993 4429 2305
36458 6025 41905 6025 5419 2447
37425 5702 32244 6670 5094 2028
39962 9587 41317 5702 4431 2721
35814 7328 37053 7328 4107 1747
36458 4734 36409 6348 3781 1609
35157 5379 37053 7973 4105 2443
41262 5056 27063 5702 4431 2304
37103 5056 33178 6025 4105 1331
33868 4740 32901 6025 6070 1885
39318 5379 32566 7651 5092 1887
56708 4734 55668 6025 4767 1470
59291 4405 57351 7328 4431 1885
58648 5056 58249 8296 4430 2167
32244 6356 38353 5702 6068 2167
30632 5702 43147 6993 5092 1608
32613 4734 55410 6025 4767 2307
36780 5379 40618 6025 4431 1746
35491 4399 41262 6670 4769 2030
33223 6033 38353 7328 4430 2306
21237 4405 46436 6348 5095 2305
34835 6025 42549 8296 4767 2029
37747 5379 33223 6348 5094 1746
41262 7328 37053 6025 5091 2443
35491 4734 42825 7328 4767 2445
62518 5379 17705 6348 4429 1886
55743 5056 55668 5702 5092 2307
35491 5702 36731 5702 4431 1746
37747 5702 29331 6993 4429 1886
35491 6025 36409 6670 5739 2028
33223 5379 41583 6025 3781 1885
35110 5379 37375 6993 4103 2167
57029 6670 56953 5379 4428 1884
56386 4734 55410 4076 3454 1747
40940 5056 26741 6025 5418 2027
30955 5702 32901 6025 4429 1747
30955 5710 29009 4734 4767 2445
55089 6025 33822 6993 4768 1885
54446 4734 45076 6025 4768 1747
44171 6993 28364 6348 4105 1886
40016 6348 41905 6670 3780 2029
41583 5379 28364 6670 4768 1747
42227 5056 34144 6348 4769 1609
55089 4399 53481 5056 5744 2167
42227 7973 41905 6993 5092 2028
36136 6670 46373 6670 4105 2168
60911 4399 53088 4076 5413 1608
35814 4734 33178 6993 5093 2029
41262 4076 38996 6025 5094 2030
55743 5702 55410 6025 5418 1748
31922 5702 41262 7651 4105 1471
38353 5056 55015 6670 4430 1607
21237 6993 52505 7328 7378 1747
35110 11213 30872 6025 5095 1886
36136 6348 36409 7328 4768 2444
52897 5702 33868 7651 4429 2029
45136 6348 28364 6025 4766 2167
40618 7973 32244 5379 5091 1747
31922 4399 37053 6670 4104 2031
38674 6670 36731 6025 4432 1746
39640 6348 33822 6348 5092 2029
31922 5702 37053 6025 4107 1886
53160 4399 51219 5702 5091 1886
36087 5379 41905 9922 4104 2304
40284 5702 32901 6348 4431 1471
18647 8307 36731 6348 4768 2724
44814 5379 27720 6025 4432 2166
35814 6348 38353 7973 4429 2581
48379 6348 29653 6348 5091 2029
46114 5379 29331 6993 4769 2442
32901 5379 44814 5702 5418 2029
32244 6993 42227 6670 4431 2167
33545 5386 38353 5379 4770 1471
37697 5379 40940 7328 5418 2029
42549 5056 28042 6670 4769 2028
37103 7973 46373 7328 4430 1746
41583 4734 43205 6670 4429 2167
39318 7651 32244 7651 5417 1747
39962 5056 40618 6348 4768 2169
38353 4734 35110 13162 4765 1607
40016 5056 37697 5702 5092 2028
22236 5063 48701 5702 4432 2583
36458 5056 33223 6348 4769 1471
36458 5702 33178 5702 4769 3416
39962 4399 27720 5056 4768 1885
36136 6025 45792 8619 4429 2029
49733 6348 37697 5702 4768 1886
41317 5702 27063 4734 4431 1886
31599 3431 57672 5379 4431 1886
30632 4740 41905 6993 4430 1747
33868 4734 43205 6670 5094 2306
36136 4734 57029 6993 4768 2166
40618 6025 67915 12164 4431 2307
36087 5702 55743 7651 4429 1469
45470 5702 42549 7651 3779 1746
36409 6670 54767 6025 4769 2029
37697 5702 57916 7328 4428 1608
49345 7328 19642 7651 6068 1746
32244 4082 18673 6993 6066 1886
21267 4405 18996 6025 4105 1610
32244 4740 16725 5063 4767 1747
19976 4405 15756 4734 3779 1887
30955 4734 28042 5702 4105 2029
27063 4740 27682 4734 4767 1886
36780 5702 29976 4734 4768 2028
32566 6348 41583 6025 4431 2167
41583 6348 37697 5379 4431 2029
41639 4734 36409 5056 3456 2583
20622 5063 16725 5063 4106 2306
21267 4740 18028 4740 5096 1886
26741 4740 17705 5710 5419 1748
21913 4082 17705 4740 4768 2307
20622 5063 17047 5386 5418 1746
31599 4399 27063 5063 4428 2306
