44492 6670 46695 6348 4765 3829
46436 7973 46695 6670 3454 3416
46758 6348 47016 6348 4766 1747
45792 6025 44754 6348 5089 2304
47401 6025 46052 6993 4103 1886
46436 7651 44814 7328 4766 3552
46436 6348 46373 7640 4429 2028
44492 5379 47338 6670 4766 2168
45136 6670 44433 6348 4105 1887
46436 6670 46052 6670 5092 3554
46114 5702 45730 6670 4767 1747
47079 6670 47016 6670 4765 1884
45470 6670 47016 7973 4765 2029
43849 5702 45409 7328 5416 2029
46436 7651 47016 6670 5090 1884
47723 6348 44433 6993 4766 2579
46373 6993 46052 6670 5090 1886
46436 6348 45730 6670 6071 1745
46758 6348 47016 6348 4765 2303
41583 6348 47659 7328 5092 3140
46373 8284 46052 7317 4766 2166
47659 7651 46052 6348 4429 2305
46758 6670 44754 6993 4766 1471
47338 6025 46695 6983 4101 3690
47338 7651 46373 6348 4764 1746
45470 6670 46052 6025 4767 2029
44492 6670 46695 6348 4430 1884
46758 6670 41849 6670 5089 1886
45730 6993 46695 6993 15871 2580
45792 6670 45409 7651 4764 1746
46758 5702 45730 6670 6067 2165
46436 6025 42492 6993 4767 2306
45792 6993 46373 6025 4103 3692
45792 6025 46695 6025 4428 1746
46436 6993 46373 6348 4429 2027
46758 6993 45730 6661 5090 1470
45136 6993 45409 6025 4429 1884
46114 6670 44111 6348 4105 1885
46758 6993 47016 6670 4103 1885
46436 6670 44111 6670 4765 1885
47079 7328 46373 6993 3454 1885
46114 6993 46373 7651 4428 1886
45136 5702 42171 6993 5090 3277
47079 6025 46052 6670 4427 1746
45792 6661 47016 5702 4767 1607
47338 6670 46373 6670 4765 2028
46436 6670 45730 6025 4766 3275
46436 7651 46695 6670 3454 2167
45470 7973 44754 6993 4429 3415
47723 6025 44111 6348 5092 1885
46758 6670 46695 7328 5416 2444
46758 7328 45409 6670 4766 1885
46436 7651 44433 6670 5090 1886
47338 7328 46695 6348 4427 2165
47338 6348 47016 6670 5741 2167
45730 9587 47338 6348 4763 1746
46758 6670 45076 7651 4428 3556
44492 7328 46695 6348 5090 2167
46695 7328 46695 6348 4428 2028
47079 6670 44754 6348 4429 2304
47723 6670 46695 6670 4104 1746
46436 6670 46695 6993 4765 1608
45470 6993 45730 6025 4103 2027
47401 7328 46052 6025 4426 2304
46114 8296 46052 6348 4767 2167
47338 6348 47016 6348 3454 1607
47723 6670 47659 6670 6066 1884
46758 6025 44754 6348 5091 2028
46114 7328 44111 6348 4767 3551
47079 6670 46695 5702 6064 2027
46758 7328 45730 6348 5743 2028
46114 6348 46373 6993 4764 2028
47079 6993 47016 6670 5090 2028
46114 6993 46052 7651 5414 1883
47079 7651 46052 6016 5740 2165
46114 7328 44754 6348 4766 2167
44171 5702 42171 6670 3779 2443
45470 6348 45076 6348 6065 2029
47401 6348 45076 6670 5089 2579
47723 6993 46695 6670 4103 1606
48701 6670 46052 6993 4430 2166
46373 6993 46373 7328 5092 2581
46436 6993 46695 6993 4104 2029
47993 6348 45409 6348 4428 2168
46758 6993 46695 6670 5415 1745
47338 6993 46373 6348 5418 2029
46758 8296 46695 6025 6391 1884
46114 6025 45730 6025 5092 3690
46114 6348 47338 6670 4769 1884
45136 7328 44433 6670 4429 1886
47993 6670 45076 6670 6712 2166
44814 6993 45409 7328 5093 2167
47723 7328 45730 5702 4105 1885
47993 6993 45730 6348 4766 1886
47016 6348 45409 6670 5090 2304
46695 7328 44754 6670 4767 2167
45470 6670 46695 5702 4104 2306
45470 6348 45730 6348 5089 1608
45470 7973 46373 6670 4104 1886
46758 6348 46373 6670 4766 1746
47659 6670 45730 6670 5092 1746
47016 7328 44433 6025 6065 2028
45136 7328 45730 6348 3777 3970
45730 7651 46052 6025 4765 1746
46373 7973 46695 6983 4103 1746
46436 6670 45409 6993 4765 2167
47723 6670 45730 6993 4429 1745
47079 6993 46052 7651 5089 2305
46758 6670 45730 6670 4765 1609
47338 6348 46373 6670 5090 1884
46114 6025 46052 6348 4103 1883
46758 6993 47016 7328 5416 1470
47079 6993 46695 7973 4764 2304
47401 6670 44433 7328 5092 1331
45136 7328 45076 6670 4429 1883
45136 7328 46052 7328 4766 2305
48379 6670 46052 7328 5741 2443
47079 6348 46052 6670 4767 1470
45792 6670 45076 6670 4428 1885
47401 6025 44754 6025 5091 2580
47079 7651 46695 6348 5418 2029
47723 6348 44111 7328 4428 1609
45470 7651 45730 6025 4765 3280
47016 6348 46052 6993 4106 2026
46695 6348 47016 6993 4431 2442
46052 7651 44754 6993 4428 2029
46373 7328 46373 6670 4105 1746
46114 6993 47659 6025 4765 2027
45792 6348 45730 6670 3454 2166
46695 6025 47338 7328 4765 1884
47723 6983 42492 6348 4431 2027
30632 6348 44754 7651 5741 1747
46758 6993 46052 6993 5089 2306
46114 6670 44433 6025 4430 2443
46114 7328 47993 6993 4429 2443
47723 6025 46373 6348 3778 2442
47401 7651 45730 6670 4765 1746
46758 6348 45076 6670 5416 1608
47659 7328 46695 6025 5090 2027
47338 6993 46373 6670 4765 1745
46758 6993 46052 6993 5092 1884
47401 6670 45730 7651 4104 1886
45409 6348 46373 6348 4105 2444
45792 6025 45730 6025 5091 1607
45470 6025 44754 6670 4102 2442
47659 6993 45730 6348 4429 1607
44492 7328 43147 7328 4768 2027
46758 7651 47338 6993 5091 2167
48057 6348 44111 6670 4428 1745
45792 6993 46695 6993 3778 2027
47993 7328 46373 6025 4427 1747
44814 5702 46373 6670 5092 2027
46114 8619 44754 7328 4430 1607
47016 6983 45076 7651 4102 2027
46436 7651 45409 6993 4766 2581
44754 7973 47016 5702 4428 1608
47401 7973 46373 6348 5089 1884
47401 6993 47016 7328 4767 2168
45470 6025 45076 6670 4422 1745
42227 6025 46052 7328 5413 1885
46114 7328 46695 7651 5089 1746
46758 6348 47016 6670 5089 2028
45792 6348 46373 6661 4429 2166
30955 6670 46695 7651 4766 1746
45470 6025 46373 6993 5740 2167
46695 7651 46695 6661 5091 1745
46436 6348 47338 7317 4767 2583
47659 7328 44433 7328 4103 1609
47401 6670 46373 7962 4432 2027
45136 5702 46373 7651 4104 3831
47659 6993 44111 7328 4767 2304
46758 7651 44754 6016 4765 1609
46436 6025 44111 7317 4766 1609
44814 6348 46695 6025 5414 2443
47079 7651 45409 7651 5738 2306
46052 6348 45409 6993 4104 1607
47659 5702 47016 6348 5090 2027
20945 3758 8942 2789 4430 1748
12533 2466 8942 5056 5092 2583
21237 4734 43205 6348 5094 2028
44814 5702 44111 6670 4101 2443
47079 6993 47338 6670 12260 1747
46114 6670 47016 6348 5415 2441
46758 7328 45730 6670 4428 1747
45136 6670 46052 6348 4769 2027
33868 4399 41905 6670 4429 2028
47079 6670 47016 7328 8676 1745
45136 6670 45730 6348 5416 1607
44492 7328 47016 6993 3778 2305
45792 7651 45409 6993 4765 1883
46758 6348 47016 6348 4767 2029
45792 6670 45730 6670 5092 1608
47723 7651 47016 7328 4428 2028
46436 6025 44433 6670 5742 3419
46758 6993 46373 6993 5091 2167
46758 6025 46695 6348 4428 2167
46695 6670 46695 6348 4767 1746
46758 7651 44433 6993 4767 2304
47079 6670 45076 7973 3778 2167
46114 6993 45730 6025 4102 2306
45792 6670 41583 6348 3780 1746
47401 7328 47016 6993 3452 1885
46436 6993 37053 6025 4767 1884
46758 6670 46695 6993 5090 2165
46114 7962 46052 7651 5415 3693
46758 6348 46695 6993 4102 2166
46436 6670 46052 6993 5093 2165
44814 6993 45076 6993 4766 1886
46695 6348 45730 6670 6065 2028
47338 6348 45076 6670 4767 2029
48701 6993 45730 6025 5417 2027
46373 6670 46695 6993 3779 2167
24472 6348 25774 6339 5413 2028
47401 6670 46695 6993 4427 3276
46436 7328 44433 7328 4428 2165
48057 6670 46052 6993 4105 1884
47079 7328 47016 6670 4430 1609
46695 6993 45076 6348 4765 1608
46758 7651 45409 7651 4103 1884
46695 6348 44754 6670 4764 2165
45136 6348 47993 6670 4103 1748
46052 6348 46695 7328 4105 1883
48701 7328 46695 6348 4767 1469
48057 6993 46373 6670 4106 2029
46052 6670 46373 7651 5742 1745
46052 6348 47659 7962 5740 2306
47079 7328 45730 6993 4103 1745
47723 7328 44754 6670 4428 2165
47079 6993 46695 6983 5091 2164
45470 6670 44433 8619 4428 1886
47016 6670 46373 6993 5417 1747
45136 6993 45076 6993 4429 2444
45792 6025 45409 6993 5090 2029
45792 6348 47338 6670 4768 1885
45136 6670 44754 6025 4764 2027
44814 6993 46052 6670 4102 2027
46114 6670 46373 6993 3779 2444
47016 6670 47016 6993 5090 1608
47401 6670 44111 7328 5417 1884
46758 6993 47993 6993 4766 2028
46114 6670 43790 6993 4427 3553
21882 6348 44433 7328 4429 3415
46695 7651 47016 7328 4429 2030
46373 6993 46373 7328 4103 2582
46114 5702 46695 6670 4765 2441
45470 6670 47016 6670 5090 1886
45792 6993 45730 6348 4103 1884
46052 6670 44754 6348 5415 1883
48057 6025 45409 6339 4767 1883
45792 6348 46695 6670 5092 2167
46758 6348 44111 7962 4428 2027
47338 6348 47659 8619 5089 2165
47338 6670 46373 6993 4428 2303
47079 7328 44433 6348 5741 1607
47079 6993 46052 6670 5092 1885
46373 7651 47016 6348 5089 2028
47659 6348 44433 7317 4765 1884
48057 6993 41849 6993 4104 2028
46052 6348 46695 6670 4103 3556
47993 11197 44433 6348 5415 2027
46436 7328 44433 6348 12263 1745
47723 6670 46695 6993 4428 1885
46436 7962 45730 6993 3777 1745
45136 5702 45409 7973 4103 2027
45792 7651 47016 6670 4103 1884
46114 7651 46695 6670 5417 1606
45792 7328 46373 7651 4767 1886
45470 6348 51792 7317 4766 1884
47079 6348 47338 6339 5415 1609
45792 6348 45409 6348 4765 2164
47016 6993 46695 7651 4430 2164
47079 6348 46373 6025 4430 1886
42549 6670 46052 7651 5090 1608
47079 6670 46373 6993 3779 2165
47723 8619 46695 7328 4104 2167
46114 6993 46695 6993 4104 2027
46114 7651 44754 6670 5089 1884
44433 6348 44754 5702 5412 2028
47338 5702 47659 6670 5091 3274
46695 6348 46052 6993 4765 1746
44171 6670 42171 6993 4430 1746
46373 6348 46695 7328 4429 3692
47016 6348 47016 6661 5091 1884
46373 6670 46052 6348 5414 2166
45470 6993 47016 7640 4103 1469
46436 6993 46695 5702 5741 1747
47401 6670 47993 6670 4429 1886
46114 6025 46695 6993 4768 1885
46114 5694 46052 6993 5089 2164
47079 7328 45076 6348 4766 1746
45470 7651 47993 6348 4767 2304
46758 6348 45730 6993 4428 2166
44492 6348 46695 6670 5414 1884
45136 6670 46695 6670 5090 1745
46695 6670 46695 7328 4767 2029
46114 6670 44433 6670 4765 2167
46052 6025 47016 8619 5091 1607
46695 6670 44754 6670 5090 1747
45470 5702 45409 7328 4105 1886
46052 5702 45409 6348 5091 2028
46758 6348 46373 6670 5090 1884
45136 6670 47016 7651 5091 3830
22204 7328 45409 6661 4429 1609
46758 6993 44754 7328 5090 2027
47016 6670 45730 6993 4767 2027
46758 6993 46052 6025 4105 1745
44814 6993 45076 6993 5418 1884
46052 6670 46695 6670 4430 2028
47016 6993 46373 6993 3779 2167
45792 6025 44433 7328 4765 2167
46114 6670 47338 7328 5090 3554
46758 6025 45409 8284 4428 2026
45792 5702 47016 6025 4105 2027
46758 6025 45730 6670 4427 2027
45792 6670 46695 7651 4765 2445
45136 6348 47016 7640 4430 1748
46052 5702 44754 7651 3779 2306
46695 6670 46695 7651 3454 2028
47338 6348 46373 6993 4767 2167
46436 6993 45730 6670 4765 1884
46436 6348 45076 7328 4430 2166
47723 6670 47338 7328 4430 2029
45470 6670 47659 5702 4105 1886
47016 6670 44433 6670 4101 3691
47338 6670 45076 7973 4430 1608
45470 6348 46373 6025 5742 3417
46695 6993 46695 6670 5089 2168
46114 6025 47016 7651 5090 2165
46114 6348 46373 6670 4428 2303
47016 6348 47338 7317 4767 2030
46373 6348 46695 7651 4429 2304
45136 6670 43147 6993 5090 1886
46114 6348 42492 6670 4431 2444
46373 6348 46052 8296 5409 2027
45730 6348 47016 6993 4104 2027
46758 6348 48957 10553 4429 2167
45792 6670 46373 6025 4103 2443
47723 6025 46373 7328 4430 1609
45409 5702 46695 7317 4765 1885
46436 7328 45409 6993 5414 1608
46695 6670 46695 6025 4429 2443
42549 6348 46373 6348 5089 1746
46114 6348 44754 7317 5413 1885
48314 6993 46373 6670 4428 1747
47079 6993 45730 7328 4767 1746
46436 6670 46695 6670 4429 2164
47338 6993 46695 7973 4767 1747
47079 6670 46373 7328 4764 3832
47659 6025 47659 6993 5418 1884
45136 6670 45076 6348 4427 2582
47401 6348 45076 6670 5417 2441
46114 6993 46052 6993 3131 2584
45409 6983 47993 6993 5089 2167
47993 6025 47993 7651 5414 1470
46758 6025 45730 6670 5417 2166
47079 6670 47338 6670 4766 1746
44111 5702 45730 7328 4104 2441
45136 6348 42171 8296 5092 2306
43527 6348 47659 5379 5089 2304
46114 6670 46695 6993 4765 2164
43205 6993 45409 6670 4428 1885
21267 4405 18350 4734 5093 2030
15777 1807 9265 2466 5092 1887
20945 4740 27720 4734 5418 1471
44492 6670 44111 6670 4431 1746
46695 6348 46695 6993 4429 2027
47016 6348 44754 9922 4102 1886
48314 6670 46373 7973 4428 1745
45470 6670 46373 6348 5090 2442
46758 6348 47016 7651 5741 1608
47401 5379 47338 7328 4103 2029
47079 6670 43468 6993 5741 3971
47401 6993 46373 7328 4428 1746
46758 6670 45409 6348 5090 1884
47401 6348 45409 6670 4104 2167
46695 6670 44433 6993 5090 1608
45792 6993 47338 6670 5417 1885
46052 6348 47016 7328 4102 3967
47016 6670 47993 6993 5091 2029
43527 5379 46373 5702 4765 2305
46695 6670 47659 7328 4105 2028
44171 6025 46373 9265 4428 2165
45792 6348 47016 7328 4765 2305
46436 6348 47016 7317 4766 2581
46436 7651 47659 6670 5743 2165
46758 6993 45730 6025 4102 2168
44492 6670 46373 6993 4105 2444
47016 6993 47338 6670 6067 1886
47401 6670 46373 7328 4104 1746
47993 6348 46695 7651 5092 1884
46758 6348 44754 6670 5091 1747
45409 6025 46373 7328 4767 2028
46114 6348 18647 7328 4765 1884
47016 7328 46373 6670 5091 2441
47401 6670 46052 7328 4429 1745
45470 7651 47338 6670 4428 2442
46436 6348 46373 6670 4429 1746
45136 6348 47016 6670 5090 2305
47338 6993 44754 7962 5090 1747
44814 6348 43790 6993 4765 1888
45792 6670 47016 6983 3778 1884
45470 6670 45076 7328 4429 2029
47016 6348 45409 6670 4427 2029
47016 7328 46052 6993 4765 1886
46758 6348 46695 6993 4765 2166
47401 6025 45076 6670 4428 1886
46695 6670 46695 7328 4429 1608
48057 5702 47338 6348 5418 1746
45470 6993 46052 6993 4764 2304
47401 6670 46373 7973 4766 2166
47659 7973 46052 6670 4428 2165
45470 6993 45076 5056 4767 2441
47079 6348 46695 6025 4767 1745
46758 6025 46373 6993 10958 2443
45136 6993 45076 7328 5090 1883
47079 6348 46695 6670 5417 1746
47079 6348 47016 7651 3778 2304
47659 6348 47338 7651 4765 1747
46758 6670 47659 6661 4431 2302
46758 6993 47016 5702 5415 2166
45730 6025 47338 6670 5089 2443
46436 6025 45409 6670 5092 1747
48314 9251 47016 6670 4428 2304
46436 7651 45076 6670 4765 3415
49667 6670 42492 6025 5418 1746
46436 6348 47338 7651 5091 2028
47079 6670 44754 6670 5416 1608
45470 6670 45730 7317 4767 2304
46695 6025 45730 6670 5093 2304
46436 7328 47016 6348 4104 1746
47338 7328 45730 6670 4428 2028
45136 6993 47016 5379 4765 1608
46758 6348 47016 6993 5739 1746
45730 7973 47016 6661 3779 1886
46373 7328 47338 6661 4429 3553
47079 6993 46373 6348 4766 1747
45792 6348 45409 7328 5092 1747
46052 6993 47016 6670 5415 1469
46695 6348 46373 6025 4766 3690
46758 7651 46052 6348 4105 3412
46114 6348 43468 6670 4105 1883
46052 6670 47016 6670 4765 1748
45792 6348 47338 6670 4428 1607
43849 6670 45730 5702 3781 1744
45730 7651 47016 6983 4428 2165
47338 7651 46052 6348 4428 2167
47016 7651 45076 6993 4763 2305
47993 6670 44754 7651 4425 2305
46114 6348 44111 6670 5418 1886
46436 7651 46373 6993 4429 2165
46758 6670 47659 6993 4765 3970
46758 6993 42825 6993 4765 2028
47079 6993 45730 7328 5092 2442
46436 6993 46373 6348 4765 2167
46114 6025 46052 6993 5742 2167
47079 6670 45076 6993 5414 3555
46758 6993 47016 6993 4427 1609
46758 6993 46373 6993 5090 3413
45730 6348 46373 6348 5092 1609
44492 7328 47338 7973 4767 2028
45730 6025 47659 6670 5089 1745
47079 6993 47016 6025 5743 1747
45136 6993 47016 7328 6391 1884
46695 6993 46052 6670 4765 2027
46114 6025 47659 7651 4430 3552
45470 6993 45730 6025 4429 3415
45792 7651 45076 7328 5090 3414
47079 6670 45409 6670 4766 2303
46758 8296 43468 7328 4104 2167
45470 6025 46695 7973 5413 1746
47401 6025 45409 7328 4427 1884
46373 6993 46695 7962 4765 1608
45470 6993 45730 6993 5088 1884
47338 6670 47016 7640 4765 2028
46436 6670 45409 6670 4767 2167
47659 7962 45730 6348 4429 2304
46758 6670 46052 7651 5089 2167
45792 6993 47016 6670 4430 2165
44814 6670 46052 6670 4766 1747
46695 6348 46052 6670 5091 1607
46758 6993 47016 6670 4103 2167
46114 6670 45730 6348 3778 1747
45136 7328 47993 7973 4428 1884
42549 6670 46373 7328 4763 1884
47079 6670 47338 7328 3779 2306
46436 6993 46695 6993 4767 2028
46436 6993 47016 6993 5091 2167
46758 6993 47016 6670 4767 2027
46695 5379 43147 7328 5091 2029
47079 5379 45730 7328 5416 2579
47079 7328 46695 7328 18446 2305
46114 6025 47016 7651 5088 2307
47723 6670 45409 6670 4766 2166
46114 6670 46052 6670 4426 1746
46695 7328 47338 6348 5090 1886
46052 6993 45730 6348 4767 2028
45792 8296 44433 6983 5414 2304
45792 6993 47016 6348 4428 2028
47338 6025 42825 6670 4428 2028
45470 6993 46695 6670 5092 1748
46052 7328 47659 6670 5416 1746
43849 5702 46373 6670 5090 2442
45136 7651 44111 6348 4429 1884
46436 6670 46695 7640 4429 1884
46114 7328 46373 6670 3778 2028
44492 6348 46695 6025 4764 2444
47401 6993 44433 7328 4768 1608
46436 6670 47659 6993 4104 3138
45470 6348 46052 7651 4768 2167
45470 6670 43147 6993 4428 2443
46436 6348 47338 7651 5416 2028
46758 6670 45409 6993 4104 1747
46695 7328 47993 6670 4427 2166
45792 7317 46052 7328 7040 2582
44814 7328 44754 5702 4766 3551
47016 6993 46373 7651 11608 2167
46373 7973 46052 7317 4103 1884
44171 6993 44754 7328 3778 2028
46114 6025 45409 6016 7699 2443
46695 6670 46695 6348 5413 2167
46436 6025 44433 6993 5089 1609
46758 6348 46695 6670 4430 3556
48314 6348 45730 6348 4765 1887
45136 6670 46695 7328 5416 2166
46114 6670 45076 7328 3454 1886
47338 6348 46373 7651 4765 1470
47338 6670 46373 8296 5090 1607
46695 6993 45076 6025 5092 2442
47079 6348 45076 6348 4104 2305
45470 6670 46052 7328 4104 2166
46373 6348 45730 6993 4765 1884
47016 6025 44754 6348 4427 2305
45792 6348 46373 6993 5088 1746
46436 6348 47338 5379 5740 2443
46436 6670 47016 6025 4433 2581
47016 7651 44754 5702 5413 1884
46373 6025 46052 7651 4104 1607
47723 7328 45076 6993 3778 1470
45470 6679 19948 6670 4765 2167
21913 5063 6993 2466 3456 1748
31922 5056 19614 5056 4429 1746
45470 5386 43527 6670 4104 1746
44814 6348 46695 6025 4429 2030
47723 6348 46052 6670 4765 2442
46436 6670 47993 7328 4767 1747
46114 6348 45409 6025 4768 2028
46052 6348 46052 6670 4766 2028
44814 6348 47659 7328 4765 2165
46436 8942 46695 7328 5416 1885
47401 6348 42825 6993 4430 3276
47079 6348 45730 6993 4429 1884
46695 6993 47338 7317 4765 2442
46373 6993 45409 6670 5090 1745
47016 7651 46695 7328 5090 1884
46373 7973 44433 7328 4428 2165
46373 6348 45409 6025 4102 2443
46758 6670 47338 6348 5092 1607
45470 6993 45409 6983 4428 1884
47401 6025 42492 6993 4765 2026
46758 7328 46052 6993 5742 2444
47993 6670 45730 6993 4103 1884
46436 6670 46695 7317 4104 1748
47079 6348 44433 6670 4767 1748
45136 6025 45076 7317 3779 1884
46114 6993 46695 6993 4102 1609
46758 6670 45730 6348 4429 2029
47079 6993 46373 7328 4427 2027
44814 7328 44754 6348 5419 3417
46758 6670 45730 6348 4428 2306
47401 6348 46373 6025 4429 2304
44814 7328 45076 6993 5417 2304
47659 6993 47016 6670 4767 1745
46758 6993 46373 6993 3455 1886
45076 6348 45409 6339 3778 2167
44171 6348 45409 7328 5090 2166
47401 5702 47016 6670 4103 1885
46373 6348 44433 6025 4429 2166
46436 6348 46373 8296 4766 2027
46436 6993 45730 6348 4431 1747
46695 5379 45730 6670 5094 1884
45470 6670 44433 6339 5415 2442
45792 5702 44433 8296 4103 2168
45792 6025 45409 6348 6065 1885
45792 7328 46373 6670 4103 2165
46758 6670 45409 6993 4766 3137
47993 6993 47659 6670 15524 1884
46114 7328 45730 6993 5415 2167
46052 6670 46695 6993 4102 2442
46758 6993 46695 7651 4430 2306
46758 6983 48314 13162 4765 1885
46695 6348 46052 6670 4428 2167
43527 5702 45409 6348 5090 1884
42883 6670 45076 6993 4107 2307
46114 6993 46695 6670 3777 3690
46436 6348 45730 6670 4765 2167
47016 5702 47016 6993 5417 2304
45136 6025 28004 6025 5739 2306
47338 6993 47016 6993 5089 1884
47993 6993 47338 6025 4767 2028
45792 6348 20915 6993 4765 1884
47723 6983 43468 7973 4430 1607
47338 6670 45076 6993 4429 2583
46436 6348 46052 7651 4428 2445
46695 6348 47338 7328 4429 3691
46758 7328 42492 6348 5091 1746
46436 5702 45409 8296 4429 1885
45730 6348 46695 7317 5741 2029
46758 6993 46695 6993 4767 1609
46052 5702 45730 6670 4765 1747
46758 6025 45076 7328 4766 1745
47401 6348 47016 6993 3779 2029
47401 6348 45076 6670 4104 2029
47659 6025 46373 6993 4767 1884
43205 7328 41849 5379 5092 2167
46436 6993 45409 6993 4103 3415
47993 6348 46695 6348 4103 2719
46373 6993 46695 6025 4766 1746
46758 6670 46373 6993 3778 1883
47338 6670 44433 6348 4766 2166
46695 6670 46052 7651 5089 2442
46758 6348 44754 6993 5741 2028
46052 6993 46695 6661 4764 3690
46373 6670 46373 7328 5416 2304
46114 7328 46052 6348 5415 2166
45792 6993 47338 6348 4765 2164
46114 6670 46052 6993 5738 1745
44814 6339 45076 7651 5416 2580
47079 6348 47016 6670 5092 1746
47079 6025 46052 6670 5088 1746
47079 5702 45076 6348 4765 1747
47016 7651 46695 6670 5413 1884
44171 6348 43147 6670 4428 2305
46436 6025 40618 6348 5418 2718
47079 8942 46373 7651 4427 2028
46052 6670 45076 7651 4766 1469
47079 6993 46373 6348 10645 1607
47401 6993 46373 6993 4767 2443
45730 6670 44754 7328 4103 1884
46758 6670 46695 7328 4430 1884
47401 6993 46373 6670 5415 2167
47016 6670 45409 7973 4427 3417
46436 6670 46373 6670 4765 1886
45470 6670 44754 6348 3778 1884
47401 6993 45730 6670 4103 2165
48057 7651 46052 6670 5415 1886
47338 6025 46373 6993 4104 2304
46436 6025 45409 6993 4429 3832
46114 7328 46373 6670 4102 1747
46052 6993 46373 6993 4103 2304
47338 6670 45730 6670 6064 2306
46114 6025 45730 6670 4765 1607
46758 6993 46373 6670 5739 1745
43849 6025 47659 7328 5091 2303
47079 6993 47338 7328 4766 1745
47401 6993 46052 8296 5093 2027
45470 6670 46373 7651 4766 1747
46052 6993 46052 7328 4766 1746
48057 8619 47016 6348 5414 2444
46758 6993 46695 7328 4765 2443
45470 6670 45076 6348 5090 1885
45792 6348 46052 6993 4427 2167
47016 6348 46373 7328 4765 1883
45792 6348 47659 6993 4428 1748
48057 6993 46373 8296 4428 2581
46695 6348 45076 6670 4429 1886
47016 6348 46695 6993 5417 1746
45136 7328 44433 7651 4764 2029
47016 6993 45730 8284 5417 2442
47016 12182 47016 7328 4104 2445
45730 6670 44111 6025 4428 1470
46114 6993 45409 6670 4765 2444
47659 6348 46695 8284 5415 2164
47401 7328 46373 6348 5092 2580
45792 6670 44111 6348 9317 2583
46436 6993 45730 6670 4104 2166
47016 6670 46052 7328 5415 1607
46758 6993 45409 6670 4428 1747
45470 6670 45409 7328 4429 1333
47401 6993 44754 6993 5088 1746
47993 6670 46052 6348 5415 1609
46436 6348 45076 7328 3453 2165
46695 6670 46373 7328 5739 2027
45792 6993 46695 7328 5740 2166
46436 7328 44754 6348 4429 1884
47723 6348 45730 6670 5089 2028
47401 6348 46695 7328 5741 3553
47993 6993 45409 7651 6067 2444
47016 5379 44754 6993 4765 1885
42883 6348 45076 6670 4428 1886
44814 7328 46052 6993 4762 2166
47723 7328 47993 6670 6062 2304
42549 6993 46695 8929 5090 1745
47016 6993 47338 7973 5091 1746
47016 6670 46052 6670 4428 2306
47723 7973 46695 8284 4103 1607
47993 7328 46695 7317 5417 2305
47079 6025 46695 6670 4428 2305
47723 6348 46373 6993 3778 1884
46758 7328 46052 6993 3778 1746
44814 6993 46052 7328 4428 2165
46758 6993 47338 6993 4765 1884
46695 6670 44754 6993 5089 3553
47079 6670 45076 6348 5090 3137
47993 6670 47338 8296 4104 2305
47401 6670 46695 6670 3778 1884
45470 6993 45409 7973 4765 2167
47723 6670 46052 7328 5090 1885
46695 5056 46052 7317 4428 1745
46373 6993 46695 5702 4429 2996
47016 6025 47016 7651 5091 3415
45470 6670 44433 5702 5093 3418
47723 7973 45730 6670 4430 1886
45730 7328 45730 7328 5091 1745
45470 6993 47016 6993 4768 2305
48057 6025 45730 6993 5091 2305
47338 6025 47338 6670 5089 2167
46436 6993 45409 7328 5092 1745
47723 6993 45409 7328 5092 2580
45730 6025 47016 7328 4428 2859
45792 6670 44433 9574 5090 2028
45792 6993 46695 6670 4428 1470
45470 7328 45409 6993 5089 1747
45792 5379 19291 6348 4769 2028
10568 2142 18350 5710 4429 2167
31922 4734 17705 5056 4105 2165
18996 4082 7328 3112 13569 1609
46758 6993 46373 7328 3779 2167
45470 7328 46695 7640 5741 4523
29373 3758 17047 4734 5091 3968
46758 6670 46373 6348 5741 2306
47401 6348 46695 6993 4767 2304
31879 4076 46373 7973 4430 1608
46758 8619 45730 6993 4430 1470
46758 6993 46695 7328 5094 1748
20915 6339 46758 6993 8675 2168
47401 6993 48314 6993 5416 2719
44171 6670 44433 6348 4768 2028
45470 6670 47016 6670 5091 1608
46758 6993 44433 6670 5412 3692
47079 6025 46695 6025 3778 2027
48379 7973 46695 7651 4430 4250
47401 5702 46373 6670 4105 1747
47401 6025 47659 6670 4427 2165
45470 6993 46373 6348 5416 2304
45136 6993 47338 6670 4765 2029
44814 6025 44754 6993 5091 1884
45136 6993 46695 6016 5738 1884
45136 6348 47016 6670 4428 2164
47016 7973 44754 6670 5090 1747
21237 6025 19319 6348 4431 4105
50576 6348 46695 6993 4766 2720
47079 7328 47016 6025 4427 2027
46436 6993 46052 6993 4763 2306
44814 6348 44754 6025 4763 4526
47338 7651 44111 6025 5092 1746
44814 6348 46373 6670 4767 2166
46114 5702 44111 7328 5742 3554
47016 6025 45409 7328 5416 1885
47723 6348 41849 6993 5092 1609
47338 6348 47016 6670 5090 1747
47079 6348 47016 8296 5415 1748
51541 6348 47016 9265 4428 1885
46758 7328 44754 6993 4765 3832
46758 6670 46052 6348 6386 1884
22861 5702 46373 7651 5090 2029
48057 7328 47338 7328 4105 3692
46758 6993 47016 5702 5092 1886
45076 6016 45730 7651 4429 4250
47079 6348 44111 6670 4429 1607
47079 6348 45409 7328 4767 1746
47079 6348 47016 6670 4767 2581
45792 6348 46373 7328 4428 4105
