30632 4082 17705 3753 5418 1886
11536 -1099 11536 2466 5092 1608
45792 6348 42825 6025 4428 1746
44814 6025 43468 5702 4763 2304
42549 6348 44111 7328 4767 2307
43527 7328 43527 5702 5093 2305
44492 6025 43790 7328 4429 1885
46695 6670 44433 7328 5091 1607
45792 6025 46373 7651 4103 1609
21882 6670 18350 6670 4431 1886
45136 5702 46052 6993 4768 2443
12198 4405 7973 2789 4102 2168
46114 5702 46052 6670 4765 2168
19319 4740 17705 5379 4429 1747
46758 6025 46052 6348 4429 1747
32244 5702 27720 4734 4429 1886
42549 6993 46052 5702 4104 2028
31599 7973 21882 7651 4430 2031
44814 6670 45409 5702 4429 1886
31599 5702 29009 5056 4767 2029
46695 6025 43790 6025 5413 2029
33545 5056 29331 5702 4768 2029
21560 1161 8296 2466 5416 1885
42883 5702 45730 6348 4104 2028
12839 1807 8942 2781 4767 2030
45792 6025 44433 6993 4766 1608
22236 6033 18996 5056 5417 2167
44814 6670 45076 6670 4430 1885
20945 6025 18673 4076 5419 2167
46114 6025 45409 6025 4430 2305
12839 1484 9587 6993 5417 2169
46114 6025 42825 6348 4767 2168
23505 6670 19976 6670 5092 1886
46436 6348 46052 7651 5093 2029
12182 3435 8273 2142 5417 2167
46436 6025 42549 6348 5744 2029
44171 6670 28648 5379 4430 1885
46436 6025 43790 6670 4432 1746
20622 5063 18028 5056 5418 1332
23183 6670 44754 6025 4103 1748
33545 4399 44111 5702 4430 1610
45470 6993 23183 6993 5092 1747
33545 5379 28687 4399 4104 2027
44171 5379 43147 6025 4768 2030
30955 5056 29331 4734 4768 2168
44814 5702 18324 7328 5094 2168
32566 3753 45470 6993 5092 2168
44814 6993 18673 6993 4768 1885
34512 4399 44754 6670 5415 2028
21267 8307 7338 3103 4429 1887
44814 7328 44754 6348 4767 1886
26096 5063 18996 4076 4767 2030
19642 1161 7973 2462 5744 1886
46758 6348 43790 6348 5091 2306
12182 1482 17047 1482 4765 1748
45470 5702 26418 6348 5743 1886
30632 6025 30632 4734 4104 2028
21590 6993 27645 6993 5091 1470
32901 5056 19291 4734 4431 1883
30310 4399 27720 4734 5093 2167
31599 5379 44492 6670 4765 2306
21267 5063 18996 6670 4104 1747
20622 4076 17370 3753 5741 2583
32244 3753 41905 6670 5418 1886
30955 4734 27385 4734 5417 2030
21237 4082 12516 6348 5093 1748
33545 5379 29976 5056 5742 1887
31922 4399 42227 6348 5416 2304
19976 4399 17370 4399 5092 2305
22538 4405 28042 4734 4429 2445
30955 4740 18673 5702 5092 1884
21267 4405 17705 4399 4430 1609
32244 4399 42549 6348 6068 2167
33223 5056 29331 5702 5418 1470
44171 6025 43468 6993 6069 2304
32566 4399 29331 5379 4765 1747
10891 2785 17047 2466 4769 2306
30632 4399 27720 5056 5093 1885
12182 6025 18052 3103 4104 1885
29976 4734 28042 5056 4768 1748
20649 2466 22204 7338 5092 1885
44814 5702 43147 6025 4429 2029
30632 5379 40618 7328 5740 2304
32566 4076 29331 4076 4106 2028
21267 4405 27063 4076 3456 1608
31922 5056 28364 4734 3779 2028
30310 4740 18673 4734 4766 1886
29976 4399 40284 5702 4105 2029
21267 4076 42883 6670 5417 2169
22236 2466 8296 6993 4429 2444
20593 5386 17370 4734 5421 2167
30632 4734 30955 5379 5092 1747
31277 4399 41262 5702 3779 1610
20622 4740 17370 4076 4107 2031
10568 2142 8954 2466 4105 2307
22893 3108 15131 7348 4429 1609
23505 4076 18673 5379 4769 1747
